time (s)	coil I (A)	last det (V)	int current (uC)
4940.205719	0.340524	-199.804687	-138.085937
4940.209722	0.828041	-199.804687	-138.085937
4940.211722	0.827754	-199.804687	-138.085937
4940.213722	0.825980	9.085777	0.238570
4941.179789	0.464390	-308.593750	198.046875
4941.181793	0.758339	-308.593750	198.046875
4941.183792	0.828461	-308.593750	198.046875
4941.185791	0.826023	9.086255	0.268669
4942.283803	0.486674	-195.312500	-143.457031
4942.285804	0.772451	-195.312500	-143.457031
4942.287805	0.828695	-195.312500	-143.457031
4942.289804	0.826287	9.089162	0.253123
4943.263818	0.492029	-314.257812	198.632812
4943.265820	0.775546	-314.257812	198.632812
4943.267819	0.828227	-314.257812	198.632812
4943.269819	0.825961	9.085573	0.263563
4944.362437	0.708450	-190.625000	-146.582031
4944.364441	0.829129	-190.625000	-146.582031
4944.366439	0.826768	9.094444	0.241300
4945.348502	0.827982	-283.496094	199.804687
4945.350503	0.825656	-283.496094	199.804687
4945.352504	0.823907	9.062974	0.270418
4946.434541	0.397976	-193.261719	-146.289062
4946.436544	0.708614	-193.261719	-146.289062
4946.438544	0.829782	-193.261719	-146.289062
4946.440544	0.827340	9.100737	0.250589
4947.426585	0.525790	-290.332031	196.191406
4947.428588	0.793162	-290.332031	196.191406
4947.430588	0.827944	-290.332031	196.191406
4947.432588	0.825765	9.083410	0.262584
4948.514668	0.375326	-190.527344	-146.582031
4948.516673	0.689256	-190.527344	-146.582031
4948.520676	0.827981	-190.527344	-146.582031
4948.522677	0.826423	9.090651	0.233827
4949.506724	0.341201	-289.746094	195.214844
4949.508725	0.657722	-289.746094	195.214844
4949.510725	0.827630	-289.746094	195.214844
4949.512725	0.827111	9.098219	0.251635
4950.592776	0.680640	-186.425781	-147.460937
4950.594780	0.828604	-186.425781	-147.460937
4950.596778	0.827076	9.097838	0.240175
4951.586799	0.556916	-302.441406	192.480469
4951.588802	0.806343	-302.441406	192.480469
4951.590801	0.827723	-302.441406	192.480469
4951.592804	0.827431	9.101747	0.250275
4952.671373	0.663489	-188.574219	-144.726562
4952.673373	0.828036	-188.574219	-144.726562
4952.677373	0.825607	9.081673	0.248806
4953.669372	0.793944	-308.984375	191.601562
4953.671374	0.827867	-308.984375	191.601562
4953.673373	0.825670	9.082374	0.251508
4954.747389	0.560894	-187.500000	-145.605469
4954.749391	0.807949	-187.500000	-145.605469
4954.751391	0.827834	-187.500000	-145.605469
4954.753391	0.825782	9.083605	0.267136
4955.747433	0.782069	-301.464844	190.527344
4955.749435	0.828563	-301.464844	190.527344
4955.751435	0.826352	9.089870	0.250252
4956.827963	0.450528	-186.718750	-145.507812
4956.829966	0.748807	-186.718750	-145.507812
4956.831966	0.828679	-186.718750	-145.507812
4956.833965	0.826085	9.086937	0.236952
4957.825953	0.466876	-293.750000	191.406250
4957.827960	0.759945	-293.750000	191.406250
4957.829964	0.828441	-293.750000	191.406250
4957.831965	0.825884	9.084722	0.250517
4958.908566	0.828758	-181.152344	-148.925781
4958.910573	0.827361	-181.152344	-148.925781
4958.912577	0.825699	9.082693	0.234531
4959.904561	0.607812	-296.191406	191.503906
4959.906563	0.820710	-296.191406	191.503906
4959.908564	0.827162	-296.191406	191.503906
4959.910563	0.825138	9.076515	0.451275
4960.984592	0.317963	-183.105469	-148.925781
4960.986598	0.635891	-183.105469	-148.925781
4960.988601	0.826142	-183.105469	-148.925781
4960.990601	0.827865	9.106514	0.240728
4961.980649	0.438063	-284.667969	193.652344
4961.982651	0.740458	-284.667969	193.652344
4961.984651	0.830552	-284.667969	193.652344
4961.986650	0.827817	9.105983	0.242406
4963.065224	0.624709	-181.640625	-150.488281
4963.067228	0.824974	-181.640625	-150.488281
4963.069227	0.828284	-181.640625	-150.488281
4963.071227	0.826488	9.091369	0.537723
4964.059242	0.498639	-271.093750	195.703125
4964.061245	0.779026	-271.093750	195.703125
4964.063245	0.827926	-271.093750	195.703125
4964.065245	0.825541	9.080947	0.238373
4965.145325	0.439555	-180.273437	-151.269531
4965.147327	0.741084	-180.273437	-151.269531
4965.149327	0.828536	-180.273437	-151.269531
4965.151326	0.826038	9.086423	0.231098
4966.135391	0.416519	-253.710937	198.632812
4966.137393	0.723772	-253.710937	198.632812
4966.139393	0.829754	-253.710937	198.632812
4966.141393	0.827207	9.099274	0.237793
4967.223440	0.256349	-178.320312	-153.222656
4967.225442	0.577606	-178.320312	-153.222656
4967.227443	0.815767	-178.320312	-153.222656
4967.229443	0.831141	-178.320312	-153.222656
4967.231444	0.828923	9.118151	0.224778
4968.215408	0.760334	-237.109375	198.730469
4968.217409	0.828363	-237.109375	198.730469
4968.219409	0.825837	9.084208	0.219859
4969.305380	0.279947	-180.664062	-151.367187
4969.307383	0.599774	-180.664062	-151.367187
4969.309381	0.819016	-180.664062	-151.367187
4969.311382	0.827295	-180.664062	-151.367187
4969.315381	0.823838	9.062221	0.215220
4970.293336	0.827200	-222.656250	199.023437
4970.295338	0.826565	9.092219	0.217684
4971.385423	0.414305	-181.933594	-148.828125
4971.387425	0.722336	-181.933594	-148.828125
4971.389425	0.831844	-181.933594	-148.828125
4971.391423	0.829053	9.119586	0.236763
4972.363467	0.790783	-259.277344	196.386719
4972.365468	0.827727	-259.277344	196.386719
4972.367467	0.825537	9.080902	0.228868
4973.468091	0.304700	-180.468750	-146.777344
4973.470091	0.623248	-180.468750	-146.777344
4973.472092	0.823690	-180.468750	-146.777344
4973.474091	0.827280	-180.468750	-146.777344
4973.476093	0.825354	9.078891	0.224128
4974.440151	0.514292	-236.425781	193.164062
4974.442155	0.787434	-236.425781	193.164062
4974.444160	0.827805	-236.425781	193.164062
4974.448158	0.823851	9.062363	0.217205
4975.548211	0.449990	-177.246094	-144.531250
4975.550213	0.748573	-177.246094	-144.531250
4975.552214	0.829049	-177.246094	-144.531250
4975.554212	0.826538	9.091918	0.229204
4976.518246	0.496527	-234.472656	189.941406
4976.520249	0.505752	-234.472656	189.941406
4976.522250	0.827725	-234.472656	189.941406
4976.524249	0.825350	9.078846	0.217947
4977.628324	0.786795	-180.078125	-141.406250
4977.630328	0.827626	-180.078125	-141.406250
4977.632331	0.825388	9.079271	0.221616
4978.598350	0.552719	-225.683594	186.816406
4978.600351	0.804876	-225.683594	186.816406
4978.602351	0.827771	-225.683594	186.816406
4978.604352	0.825787	9.083658	0.212664
4979.702413	0.421989	-179.101562	-140.136719
4979.704416	0.728025	-179.101562	-140.136719
4979.706414	0.732905	-179.101562	-140.136719
4979.708416	0.827305	9.100355	0.217610
4980.678386	0.517302	-249.511719	185.253906
4980.680388	0.789332	-249.511719	185.253906
4980.682387	0.828330	-249.511719	185.253906
4980.684391	0.826159	9.087753	0.207994
4981.778978	0.566243	-183.789062	-139.257812
4981.780980	0.809665	-183.789062	-139.257812
4981.782979	0.827529	-183.789062	-139.257812
4981.786978	0.824071	9.064781	0.218051
4982.759862	0.469165	-225.585937	183.984375
4982.761865	0.761265	-225.585937	183.984375
4982.765862	0.825537	-225.585937	183.984375
4982.767866	0.823832	9.062150	0.207092
4983.855914	0.796576	-175.488281	-141.503906
4983.857917	0.827680	-175.488281	-141.503906
4983.859915	0.825516	9.080681	0.209386
4984.839952	0.523139	-220.507812	184.277344
4984.841956	0.791887	-220.507812	184.277344
4984.843956	0.827626	-220.507812	184.277344
4984.845955	0.825462	9.080087	0.203267
4985.928000	0.368324	-172.460937	-142.773437
4985.930004	0.682608	-172.460937	-142.773437
4985.932003	0.828399	-172.460937	-142.773437
4985.934002	0.826616	9.092778	0.225626
4986.920041	0.496097	-235.253906	183.691406
4986.924042	0.827937	-235.253906	183.691406
4986.926042	0.825575	-235.253906	183.691406
4986.928043	0.823904	9.062939	0.208431
4988.006112	0.515953	-169.042969	-144.433594
4988.008115	0.788419	-169.042969	-144.433594
4988.010114	0.827985	-169.042969	-144.433594
4988.012113	0.825842	9.084261	0.207125
4988.998130	0.311796	-228.417969	184.375000
4989.000142	0.629836	-228.417969	184.375000
4989.002147	0.824537	-228.417969	184.375000
4989.004146	0.826768	-228.417969	184.375000
4989.006145	0.824805	9.072855	0.202717
4990.082220	0.274878	-169.531250	-145.703125
4990.084222	0.815877	-169.531250	-145.703125
4990.086222	0.827110	-169.531250	-145.703125
4990.088223	0.825175	9.076923	0.215581
4991.078258	0.537002	-245.996094	184.570312
4991.080258	0.545882	-245.996094	184.570312
4991.082260	0.828263	-245.996094	184.570312
4991.084260	0.826095	9.087044	0.206196
4992.158812	0.412481	-167.675781	-147.558594
4992.160814	0.720505	-167.675781	-147.558594
4992.162814	0.829500	-167.675781	-147.558594
4992.164813	0.827079	9.097874	0.215227
4993.158812	0.666107	-194.726562	185.546875
4993.160814	0.828251	-194.726562	185.546875
4993.162816	0.827290	9.100186	0.195302
4994.237357	0.545330	-173.046875	-146.582031
4994.239359	0.801746	-173.046875	-146.582031
4994.241359	0.827618	-173.046875	-146.582031
4994.243359	0.825570	9.081274	0.210999
4995.233997	0.432301	-250.683594	185.156250
4995.236000	0.735710	-250.683594	185.156250
4995.237999	0.829362	-250.683594	185.156250
4995.240000	0.826808	9.094887	0.206585
4996.315002	0.378005	-166.113281	-149.121094
4996.317006	0.691252	-166.113281	-149.121094
4996.319005	0.828331	-166.113281	-149.121094
4996.321005	0.826399	9.090394	0.204011
4997.315044	0.808378	-234.375000	185.156250
4997.317047	0.827201	-234.375000	185.156250
4997.319045	0.825126	9.076391	0.233044
4998.393654	0.609992	-165.429687	-149.121094
4998.395655	0.821190	-165.429687	-149.121094
4998.397654	0.827227	-165.429687	-149.121094
4998.401653	0.823903	9.062929	0.451762
4999.391697	0.554116	-229.101562	185.253906
4999.393701	0.805013	-229.101562	185.253906
4999.395704	0.827361	-229.101562	185.253906
4999.397704	0.825186	9.077047	0.197299
5000.470280	0.442047	-163.964844	-148.730469
5000.472281	0.742827	-163.964844	-148.730469
5000.474282	0.828778	-163.964844	-148.730469
5000.476280	0.828682	9.115500	0.208618
5001.470354	0.763738	-232.910156	184.667969
5001.472358	0.828171	-232.910156	184.667969
5001.474357	0.825667	9.082338	0.187982
5002.546836	0.342253	-165.722656	-147.656250
5002.548840	0.658728	-165.722656	-147.656250
5002.550839	0.828578	-165.722656	-147.656250
5002.552839	0.828032	9.108357	0.211333
5003.544824	0.358355	-242.187500	183.593750
5003.546826	0.673584	-242.187500	183.593750
5003.548826	0.828190	-242.187500	183.593750
5003.550825	0.826858	9.095436	0.192494
5004.628879	0.543896	-163.867187	-147.167969
5004.630879	0.801006	-163.867187	-147.167969
5004.632879	0.827474	-163.867187	-147.167969
5004.634879	0.825311	9.078421	0.195245
5005.622841	0.570334	-221.386719	182.812500
5005.624851	0.810956	-221.386719	182.812500
5005.626856	0.827403	-221.386719	182.812500
5005.628854	0.825346	9.078811	0.255499
5006.705454	0.447889	-164.355469	-146.191406
5006.707454	0.747003	-164.355469	-146.191406
5006.709457	0.828652	-164.355469	-146.191406
5006.711454	0.826122	9.087337	0.203570
5007.699457	0.641764	-205.078125	182.421875
5007.701457	0.825313	-205.078125	182.421875
5007.703457	0.826383	9.090208	0.191703
5008.785523	0.333526	-165.722656	-145.800781
5008.789524	0.826908	-165.722656	-145.800781
5008.791525	0.827083	-165.722656	-145.800781
5008.793525	0.825223	9.077455	0.196246
5009.775596	0.557749	-197.753906	181.738281
5009.777600	0.806568	-197.753906	181.738281
5009.779602	0.827512	-197.753906	181.738281
5009.781601	0.825540	9.080937	0.186779
5010.865635	0.476588	-166.015625	-145.703125
5010.867637	0.766058	-166.015625	-145.703125
5010.869637	0.827989	-166.015625	-145.703125
5010.871638	0.825529	9.080823	0.195870
5011.851662	0.620954	-168.066406	182.226562
5011.853661	0.823240	-168.066406	182.226562
5011.855662	0.827204	-168.066406	182.226562
5011.857662	0.825367	9.079032	0.479692
5012.945742	0.452899	-167.285156	-145.117187
5012.947744	0.750480	-167.285156	-145.117187
5012.949748	0.828462	-167.285156	-145.117187
5012.951750	0.825893	9.084820	0.192750
5013.925761	0.376952	-159.375000	183.105469
5013.929761	0.829196	-159.375000	183.105469
5013.931763	0.827144	-159.375000	183.105469
5013.933763	0.825573	9.081302	0.183606
5015.027780	0.779159	-171.679687	-144.824219
5015.029782	0.827975	-171.679687	-144.824219
5015.031783	0.825653	9.082187	0.192060
5016.002320	0.443524	-151.367187	184.082031
5016.004323	0.743970	-151.367187	184.082031
5016.006322	0.828647	-151.367187	184.082031
5016.008321	0.826078	9.086858	0.173611
5017.104427	0.568373	-170.605469	-146.191406
5017.106430	0.809791	-170.605469	-146.191406
5017.108429	0.826875	-170.605469	-146.191406
5017.110431	0.824702	9.071721	0.198757
5018.081030	0.748164	-195.996094	186.425781
5018.083033	0.828112	-195.996094	186.425781
5018.085031	0.825460	9.080060	0.173675
5019.183656	0.487536	-165.234375	-149.902344
5019.185657	0.772528	-165.234375	-149.902344
5019.187657	0.827742	-165.234375	-149.902344
5019.189659	0.825355	9.078908	0.189276
5020.157752	0.369213	-169.726562	188.964844
5020.161752	0.829500	-169.726562	188.964844
5020.163755	0.827770	-169.726562	188.964844
5020.165754	0.826050	9.086548	0.166180
5021.261805	0.715017	-167.480469	-152.050781
5021.263805	0.830154	-167.480469	-152.050781
5021.265807	0.827568	9.103244	0.196783
5022.234680	0.324992	-200.976562	191.992187
5022.236683	0.642433	-200.976562	191.992187
5022.238682	0.826533	-200.976562	191.992187
5022.240681	0.827340	9.100737	0.172576
5023.336728	0.443585	-158.496094	-157.128906
5023.338731	0.743882	-158.496094	-157.128906
5023.340729	0.828499	-158.496094	-157.128906
5023.342730	0.825993	9.085918	0.192233
5024.314691	0.450291	-192.773437	194.531250
5024.316691	0.748512	-192.773437	194.531250
5024.318692	0.828194	-192.773437	194.531250
5024.320692	0.825594	9.081532	0.165030
5025.414717	0.777226	-154.296875	-159.765625
5025.416717	0.827764	-154.296875	-159.765625
5025.418720	0.825512	9.080637	0.191190
5026.396698	0.775264	-131.054687	195.019531
5026.398700	0.827933	-131.054687	195.019531
5026.400699	0.825500	9.080495	0.170656
5027.486789	0.241503	-156.152344	-161.132812
5027.488791	0.563707	-156.152344	-161.132812
5027.490791	0.808962	-156.152344	-161.132812
5027.492791	0.827729	-156.152344	-161.132812
5027.494791	0.825869	9.084562	0.194217
5028.472777	0.390617	-140.820312	195.312500
5028.476778	0.706857	-140.820312	195.312500
5028.480777	0.825922	-140.820312	195.312500
5028.482781	0.824701	9.071712	0.165446
5029.564760	0.453313	-156.835937	-161.621094
5029.566763	0.750605	-156.835937	-161.621094
5029.568763	0.828072	-156.835937	-161.621094
5029.570762	0.825429	9.079723	0.189443
5030.552854	0.522151	-141.601562	194.824219
5030.554854	0.791396	-141.601562	194.824219
5030.556853	0.827917	-141.601562	194.824219
5030.558853	0.825738	9.083118	0.163009
5031.640837	0.441014	-155.664062	-161.914062
5031.642838	0.741952	-155.664062	-161.914062
5031.644839	0.828572	-155.664062	-161.914062
5031.648836	0.824340	9.067741	0.188156
5032.632802	0.711693	-150.390625	194.238281
5032.634804	0.828649	-150.390625	194.238281
5032.636806	0.826258	9.088834	0.162100
5033.718870	0.654076	-161.328125	-161.328125
5033.720872	0.826714	-161.328125	-161.328125
5033.722871	0.826709	9.093797	0.623238
5034.710907	0.759779	-184.375000	193.261719
5034.712909	0.828009	-184.375000	193.261719
5034.714909	0.825515	9.080663	0.161323
5035.794973	0.484775	-157.421875	-162.207031
5035.796974	0.770888	-157.421875	-162.207031
5035.798974	0.827977	-157.421875	-162.207031
5035.800974	0.825437	9.079812	0.182093
5036.787027	0.452376	-123.339844	192.285156
5036.789028	0.750110	-123.339844	192.285156
5036.791029	0.828529	-123.339844	192.285156
5036.793029	0.826042	9.086458	0.158518
5037.873068	0.626287	-150.195312	-163.183594
5037.875062	0.825171	-150.195312	-163.183594
5037.877065	0.828360	-150.195312	-163.183594
5037.879063	0.826590	9.092494	0.182970
5038.865058	0.342214	-134.960937	191.894531
5038.869060	0.826931	-134.960937	191.894531
5038.871061	0.826463	-134.960937	191.894531
5038.873061	0.824611	9.070720	0.158120
5039.951097	0.678954	-160.644531	-161.914062
5039.953099	0.828434	-160.644531	-161.914062
5039.957097	0.825048	9.075532	0.180850
5040.943115	0.481957	-154.687500	192.382812
5040.945117	0.769226	-154.687500	192.382812
5040.947115	0.772345	-154.687500	192.382812
5040.949117	0.825607	9.081673	0.154494
5042.027701	0.587633	-152.734375	-163.671875
5042.029705	0.815813	-152.734375	-163.671875
5042.031709	0.827138	-152.734375	-163.671875
5042.035709	0.823576	9.059331	0.183720
5043.019774	0.480786	-135.351562	192.285156
5043.021776	0.768482	-135.351562	192.285156
5043.023778	0.827896	-135.351562	192.285156
5043.025777	0.825499	9.080485	0.153905
5044.103743	0.326161	-152.246094	-164.355469
5044.105745	0.643378	-152.246094	-164.355469
5044.107745	0.826084	-152.246094	-164.355469
5044.109744	0.827064	9.097705	0.182333
5045.095770	0.454892	-142.187500	192.871094
5045.097784	0.751775	-142.187500	192.871094
5045.101788	0.825959	-142.187500	192.871094
5045.103789	0.824285	9.067140	0.153374
5046.185886	0.702951	-151.855469	-164.355469
5046.187888	0.828409	-151.855469	-164.355469
5046.189890	0.826136	9.087496	0.177369
5047.171886	0.447484	-124.121094	192.871094
5047.173889	0.746700	-124.121094	192.871094
5047.175888	0.828678	-124.121094	192.871094
5047.179886	0.824488	9.069364	0.153286
5048.261953	0.368575	-151.367187	-164.062500
5048.265952	0.828625	-151.367187	-164.062500
5048.267954	0.827012	-151.367187	-164.062500
5048.269954	0.825193	9.077127	0.178602
5049.248014	0.440877	-158.593750	193.261719
5049.250014	0.741815	-158.593750	193.261719
5049.252016	0.828082	-158.593750	193.261719
5049.254018	0.825508	9.080592	0.155871
5050.342560	0.665477	-156.640625	-162.500000
5050.344564	0.672402	-156.640625	-162.500000
5050.346562	0.826242	9.088657	0.679590
5051.323516	0.419713	-136.035156	192.578125
5051.325518	0.725968	-136.035156	192.578125
5051.327517	0.828821	-136.035156	192.578125
5051.329515	0.826395	9.090341	0.151209
5052.423540	0.801599	-154.882812	-161.230469
5052.425543	0.827171	-154.882812	-161.230469
5052.427542	0.825047	9.075514	0.172370
5053.402091	0.479124	-101.757812	190.429687
5053.404091	0.767597	-101.757812	190.429687
5053.406092	0.828214	-101.757812	190.429687
5053.408093	0.825828	9.084110	0.141451
5054.498128	0.372396	-156.250000	-158.398437
5054.500129	0.686446	-156.250000	-158.398437
5054.502130	0.831773	-156.250000	-158.398437
5054.504131	0.829835	9.128182	0.174896
5055.476623	0.464362	-97.460937	188.085937
5055.478626	0.758082	-97.460937	188.085937
5055.480627	0.828113	-97.460937	188.085937
5055.482625	0.828021	9.108233	0.150594
5056.578609	0.777908	-159.863281	-154.589844
5056.580610	0.827582	-159.863281	-154.589844
5056.582611	0.825081	9.075895	0.173204
5057.554603	0.508068	-151.855469	186.230469
5057.556606	0.783972	-151.855469	186.230469
5057.558606	0.827545	-151.855469	186.230469
5057.560605	0.825148	9.076631	0.144693
5058.653555	1.811610	-153.125000	-153.613281
5058.655556	0.612130	-153.125000	-153.613281
5058.657554	0.821424	-153.125000	-153.613281
5058.659556	0.827036	-153.125000	-153.613281
5058.661558	0.824999	9.074991	0.172569
5059.631612	0.401226	-137.695312	183.789062
5059.633615	0.710981	-137.695312	183.789062
5059.635616	0.828487	-137.695312	183.789062
5059.637615	0.826196	9.088161	0.141711
5060.732226	0.532562	-152.343750	-151.562500
5060.734228	0.796145	-152.343750	-151.562500
5060.736230	0.827637	-152.343750	-151.562500
5060.738228	0.825398	9.079378	0.165640
5061.710208	0.539466	-150.781250	181.835937
5061.712212	0.799176	-150.781250	181.835937
5061.714215	0.827515	-150.781250	181.835937
5061.716212	0.825416	9.079573	0.143759
5062.807255	1.772024	-153.710937	-150.097656
5062.809257	0.668737	-153.710937	-150.097656
5062.811258	0.828431	-153.710937	-150.097656
5062.813257	0.827312	9.100434	0.165461
5063.789281	0.596069	-84.765625	179.785156
5063.793280	0.826769	-84.765625	179.785156
5063.795280	0.824774	-84.765625	179.785156
5063.799279	0.822285	9.045135	0.328059
5064.883302	0.332359	-155.566406	-149.609375
5064.885305	0.649161	-155.566406	-149.609375
5064.887304	0.827235	-155.566406	-149.609375
5064.889306	0.827469	9.102155	0.163182
5065.867356	0.333036	-97.949219	178.808594
5065.869356	0.649884	-97.949219	178.808594
5065.871356	0.826229	-97.949219	178.808594
5065.873358	0.826422	9.090642	0.139505
5066.959368	0.481120	-156.250000	-150.097656
5066.961371	0.768864	-156.250000	-150.097656
5066.963369	0.828072	-156.250000	-150.097656
5066.965370	0.825723	9.082950	0.160699
5067.945957	0.394642	-120.507812	178.125000
5067.947958	0.705573	-120.507812	178.125000
5067.949959	0.829591	-120.507812	178.125000
5067.951958	0.827233	9.099566	0.139359
5069.033981	0.314220	-153.906250	-150.683594
5069.035985	0.632067	-153.906250	-150.683594
5069.037988	0.637348	-153.906250	-150.683594
5069.039990	0.827667	-153.906250	-150.683594
5069.041990	0.825827	9.084102	0.159932
5070.026082	0.455275	-114.062500	177.636719
5070.028083	0.751845	-114.062500	177.636719
5070.030083	0.827915	-114.062500	177.636719
5070.032084	0.825363	9.078988	0.136626
5071.110150	0.480442	-148.730469	-151.757812
5071.112151	0.768398	-148.730469	-151.757812
5071.114150	0.827954	-148.730469	-151.757812
5071.116149	0.825409	9.079502	0.158685
5072.108188	0.816806	-126.269531	177.734375
5072.110191	0.827009	-126.269531	177.734375
5072.112190	0.824890	9.073786	0.297733
5073.186783	0.555053	-157.324219	-150.781250
5073.188786	0.805177	-157.324219	-150.781250
5073.190784	0.827004	-157.324219	-150.781250
5073.192785	0.824831	9.073139	0.162030
5074.184790	0.780239	-95.800781	177.539062
5074.186792	0.828132	-95.800781	177.539062
5074.188791	0.825879	9.084669	0.134590
5075.262908	0.387955	-152.636719	-152.636719
5075.264908	0.699788	-152.636719	-152.636719
5075.266908	0.828222	-152.636719	-152.636719
5075.268908	0.825899	9.084890	0.157663
5076.261378	0.639709	-84.082031	177.441406
5076.263380	0.825397	-84.082031	177.441406
5076.267377	0.824846	9.073307	0.136264
5077.341343	0.735426	-154.003906	-152.734375
5077.343343	0.828948	-154.003906	-152.734375
5077.345344	0.826447	9.090917	0.156576
5078.339897	0.688090	-71.972656	177.050781
5078.341898	0.828085	-71.972656	177.050781
5078.343900	0.826141	9.087549	0.133466
5079.418375	0.715995	-153.906250	-153.222656
5079.420376	0.829287	-153.906250	-153.222656
5079.422376	0.826791	9.094701	0.156513
5080.416950	0.588190	-93.554687	177.441406
5080.418950	0.815668	-93.554687	177.441406
5080.420951	0.826800	-93.554687	177.441406
5080.422950	0.824645	9.071092	0.291476
5081.492991	0.314346	-148.144531	-153.808594
5081.496996	0.824915	-148.144531	-153.808594
5081.498997	0.827064	-148.144531	-153.808594
5081.500997	0.825144	9.076587	0.157466
5082.495033	0.777930	-146.289062	177.832031
5082.497036	0.827898	-146.289062	177.832031
5082.499034	0.825516	9.080681	0.129694
5083.571104	0.466329	-154.882812	-152.929687
5083.573107	0.759407	-154.882812	-152.929687
5083.575107	0.828314	-154.882812	-152.929687
5083.577108	0.825773	9.083508	0.154639
5084.569103	0.399780	-79.394531	176.464844
5084.571105	0.709961	-79.394531	176.464844
5084.573105	0.829884	-79.394531	176.464844
5084.575104	0.827472	9.102190	0.135335
5085.649120	0.434392	-144.335937	-153.417969
5085.651121	0.737234	-144.335937	-153.417969
5085.653120	0.828859	-144.335937	-153.417969
5085.655121	0.826378	9.090163	0.152260
5086.647181	0.400052	-112.792969	177.050781
5086.649183	0.828706	-112.792969	177.050781
5086.651182	0.826413	9.090545	0.132083
5087.727218	0.418550	-144.335937	-152.832031
5087.729220	0.725190	-144.335937	-152.832031
5087.731221	0.829728	-144.335937	-152.832031
5087.733220	0.827153	9.098680	0.151710
5088.723191	0.598402	-120.117187	176.855469
5088.725192	0.818171	-120.117187	176.855469
5088.727192	0.826759	-120.117187	176.855469
5088.729192	0.824708	9.071792	0.337801
5089.805768	0.551235	-147.363281	-152.539062
5089.807770	0.804144	-147.363281	-152.539062
5089.809770	0.827754	-147.363281	-152.539062
5089.811769	0.825780	9.083578	0.151810
5090.799793	0.738095	-76.660156	176.074219
5090.801794	0.828114	-76.660156	176.074219
5090.803795	0.828073	9.108801	0.127266
5091.883860	0.371509	-145.605469	-152.441406
5091.885861	0.685594	-145.605469	-152.441406
5091.887863	0.828834	-145.605469	-152.441406
5091.889861	0.826973	9.096704	0.150867
5092.873835	0.498327	-96.875000	176.562500
5092.875836	0.778588	-96.875000	176.562500
5092.877837	0.827413	-96.875000	176.562500
5092.879836	0.824992	9.074911	0.124672
5093.963892	0.499908	-147.070312	-151.953125
5093.965894	0.779484	-147.070312	-151.953125
5093.967894	0.827447	-147.070312	-151.953125
5093.969894	0.825023	9.075249	0.148827
5094.949965	0.494155	-64.941406	176.562500
5094.951966	0.776180	-64.941406	176.562500
5094.953965	0.827423	-64.941406	176.562500
5094.957963	0.823311	9.056425	0.123146
5096.040061	0.338148	-149.023437	-152.246094
5096.042063	0.654703	-149.023437	-152.246094
5096.044065	0.826738	-149.023437	-152.246094
5096.046063	0.826556	9.092113	0.159027
5097.026117	0.572593	-59.472656	177.148437
5097.028118	0.811182	-59.472656	177.148437
5097.030117	0.826969	-59.472656	177.148437
5097.032117	0.824795	9.072749	0.211041
5098.120145	0.393488	-150.781250	-153.125000
5098.124147	0.829093	-150.781250	-153.125000
5098.126148	0.826766	-150.781250	-153.125000
5098.128147	0.824962	9.074583	0.150298
5099.104143	0.803328	-38.671875	177.343750
5099.106145	0.827059	-38.671875	177.343750
5099.108144	0.824882	9.073697	0.120539
5100.198564	0.508602	-151.953125	-154.003906
5100.200566	0.784451	-151.953125	-154.003906
5100.202565	0.827781	-151.953125	-154.003906
5100.204564	0.825622	9.081841	0.150423
5101.181158	0.819403	-60.742187	179.785156
5101.183160	0.826788	-60.742187	179.785156
5101.185159	0.824755	9.072306	0.346842
5102.277136	0.643048	-150.585937	-156.152344
5102.279137	0.825263	-150.585937	-156.152344
5102.281137	0.826028	9.086308	0.153337
5103.255752	0.512303	-55.468750	180.957031
5103.257756	0.786111	-55.468750	180.957031
5103.259756	0.827456	-55.468750	180.957031
5103.261757	0.825176	9.076941	0.118662
5104.351829	0.328555	-148.242187	-159.179687
5104.353831	0.645662	-148.242187	-159.179687
5104.355833	0.826018	-148.242187	-159.179687
5104.357831	0.826735	9.094081	0.153726
5105.335856	0.812184	-91.601562	183.789062
5105.339858	0.825229	-91.601562	183.789062
5105.341862	0.823667	9.060342	0.205945
5106.430455	0.559422	-149.902344	-161.328125
5106.432458	0.806649	-149.902344	-161.328125
5106.434457	0.826801	-149.902344	-161.328125
5106.436457	0.824722	9.071942	0.170259
5107.409479	0.328386	-56.347656	184.960937
5107.411480	0.645337	-56.347656	184.960937
5107.413482	0.825703	-56.347656	184.960937
5107.415480	0.826425	9.090677	0.121329
5108.509519	0.828080	-148.144531	-163.867187
5108.513519	0.823996	-148.144531	-163.867187
5108.515522	0.822676	9.049441	0.151007
5109.488038	0.466038	-45.507812	185.546875
5109.490038	0.758888	-45.507812	185.546875
5109.492038	0.827423	-45.507812	185.546875
5109.494040	0.824981	9.074796	0.119108
5110.582003	0.354822	-146.484375	-166.113281
5110.584005	0.670184	-146.484375	-166.113281
5110.586004	0.828175	-146.484375	-166.113281
5110.588003	0.827012	9.097130	0.153787
5111.572609	0.732905	-87.792969	187.109375
5111.574610	0.737682	-87.792969	187.109375
5111.576612	0.826810	9.094905	0.117857
5112.655160	0.367792	-142.089844	-167.382812
5112.657162	0.681946	-142.089844	-167.382812
5112.659163	0.828652	-142.089844	-167.382812
5112.661162	0.826875	9.095623	0.152858
5113.645141	0.329428	-74.609375	187.402344
5113.647144	0.646419	-74.609375	187.402344
5113.649147	0.827187	-74.609375	187.402344
5113.651148	0.827629	9.103917	0.121073
5114.733163	0.416848	-141.406250	-168.457031
5114.735163	0.723967	-141.406250	-168.457031
5114.737162	0.830562	-141.406250	-168.457031
5114.739164	0.827897	9.106869	0.147238
5115.727124	0.602766	-77.734375	187.207031
5115.729126	0.819261	-77.734375	187.207031
5115.731125	0.826700	-77.734375	187.207031
5115.733126	0.824650	9.071154	0.121152
5116.811099	0.455730	-139.355469	-169.140625
5116.813102	0.752222	-139.355469	-169.140625
5116.815101	0.827944	-139.355469	-169.140625
5116.817100	0.825359	9.078943	0.142513
5117.801161	0.512385	-65.917969	187.011719
5117.803162	0.786036	-65.917969	187.011719
5117.805162	0.827214	-65.917969	187.011719
5117.807162	0.824889	9.073777	0.116971
5118.887210	0.366368	-137.597656	-169.335937
5118.889213	0.680728	-137.597656	-169.335937
5118.891212	0.828927	-137.597656	-169.335937
5118.895210	0.825707	9.082772	0.146274
5119.877302	0.347485	-49.804687	186.718750
5119.879305	0.663442	-49.804687	186.718750
5119.881305	0.827913	-49.804687	186.718750
5119.883306	0.827109	9.098202	0.116792
5120.965418	0.527811	-138.964844	-169.433594
5120.967417	0.793730	-138.964844	-169.433594
5120.969420	0.827207	-138.964844	-169.433594
5120.971419	0.824938	9.074317	0.144308
5121.955448	0.500158	-47.167969	186.621094
5121.957450	0.779734	-47.167969	186.621094
5121.959450	0.827597	-47.167969	186.621094
5121.961450	0.825230	9.077525	0.113700
5123.041510	0.435328	-137.207031	-169.433594
5123.043511	0.737749	-137.207031	-169.433594
5123.045512	0.828252	-137.207031	-169.433594
5123.047512	0.825678	9.082454	0.148771
5124.031546	0.409745	-66.699219	187.207031
5124.033547	0.718035	-66.699219	187.207031
5124.035546	0.829200	-66.699219	187.207031
5124.037548	0.826762	9.094381	0.116117
5125.121586	0.812334	-146.386719	-169.335937
5125.123589	0.827067	-146.386719	-169.335937
5125.125588	0.825070	9.075771	0.234488
5126.113630	0.827250	-82.421875	187.597656
5126.115631	0.825019	9.075204	0.112304
5127.196172	0.402882	-142.089844	-169.531250
5127.198173	0.712392	-142.089844	-169.531250
5127.200175	0.829427	-142.089844	-169.531250
5127.202173	0.826988	9.096872	0.145779
5128.186139	0.524720	-67.773437	186.816406
5128.188141	0.792251	-67.773437	186.816406
5128.190141	0.827311	-67.773437	186.816406
5128.192142	0.824983	9.074814	0.112944
5129.272179	0.539100	-136.816406	-168.847656
5129.276180	0.827004	-136.816406	-168.847656
5129.278180	0.824872	-136.816406	-168.847656
5129.280180	0.823346	9.056806	0.141968
5130.266191	0.572173	-73.828125	186.523437
5130.268192	0.810979	-73.828125	186.523437
5130.270192	0.826868	-73.828125	186.523437
5130.272191	0.824722	9.071942	0.194868
5131.352235	0.787843	-136.230469	-167.968750
5131.354236	0.828195	-136.230469	-167.968750
5131.356236	0.825939	9.085334	0.141829
5132.338730	0.486199	-44.433594	185.449219
5132.340732	0.771754	-44.433594	185.449219
5132.342732	0.827801	-44.433594	185.449219
5132.344732	0.825421	9.079635	0.115978
5133.428758	0.402520	-137.304687	-166.699219
5133.430761	0.418870	-137.304687	-166.699219
5133.432760	0.829326	-137.304687	-166.699219
5133.434760	0.827039	9.097430	0.141102
5134.414772	0.301662	-31.640625	184.179687
5134.416772	0.620041	-31.640625	184.179687
5134.418772	0.823222	-31.640625	184.179687
5134.420771	0.827357	-31.640625	184.179687
5134.422772	0.825395	9.079342	0.113524
5135.506766	0.531324	-141.992187	-165.429687
5135.508769	0.795344	-141.992187	-165.429687
5135.510770	0.827211	-141.992187	-165.429687
5135.512770	0.825003	9.075035	0.141492
5136.492794	0.599213	-22.167969	182.324219
5136.494796	0.818471	-22.167969	182.324219
5136.496796	0.826777	-22.167969	182.324219
5136.498795	0.824669	9.071358	0.113135
5137.584879	0.517202	-141.406250	-163.574219
5137.586881	0.788654	-141.406250	-163.574219
5137.588879	0.827448	-141.406250	-163.574219
5137.590880	0.825129	9.076418	0.139218
5138.566860	0.347862	-26.757812	180.566406
5138.568862	0.663618	-26.757812	180.566406
5138.570862	0.827815	-26.757812	180.566406
5138.572862	0.827127	9.098396	0.111910
5139.664924	0.645574	-144.531250	-160.937500
5139.666927	0.825861	-144.531250	-160.937500
5139.668929	0.826469	9.091156	0.563304
5140.647500	0.780679	-28.027344	178.808594
5140.649502	0.828043	-28.027344	178.808594
5140.651504	0.825791	9.083703	0.108210
5141.739546	0.484269	-144.824219	-159.179687
5141.741548	0.770303	-144.824219	-159.179687
5141.745545	0.824727	-144.824219	-159.179687
5141.747547	0.823190	9.055086	0.139266
5142.721575	0.321468	-12.597656	176.660156
5142.723576	0.638713	-12.597656	176.660156
5142.725577	0.825426	-12.597656	176.660156
5142.729575	0.824907	9.073981	0.113825
5143.815619	0.390206	-142.285156	-157.421875
5143.817620	0.701613	-142.285156	-157.421875
5143.819621	0.829016	-142.285156	-157.421875
5143.821620	0.826709	9.093797	0.139630
5144.799664	0.467899	-94.433594	177.050781
5144.801666	0.760134	-94.433594	177.050781
5144.803666	0.827551	-94.433594	177.050781
5144.805668	0.824953	9.074486	0.108113
5145.893658	0.684615	-138.769531	-156.152344
5145.895658	0.828524	-138.769531	-156.152344
5145.897658	0.826609	9.092698	0.137454
5146.876181	0.277335	-96.972656	175.976562
5146.878184	0.597019	-96.972656	175.976562
5146.880183	0.818257	-96.972656	175.976562
5146.882182	0.827224	-96.972656	175.976562
5146.884184	0.825229	9.077517	0.114770
5147.968235	0.354558	-142.968750	-155.175781
5147.970236	0.670000	-142.968750	-155.175781
5147.972238	0.827841	-142.968750	-155.175781
5147.974236	0.826755	9.094302	0.134146
5148.956216	0.409002	-45.214844	174.511719
5148.958218	0.717415	-45.214844	174.511719
5148.960218	0.829765	-45.214844	174.511719
5148.962219	0.827158	9.098742	0.107003
5150.044289	0.419546	-141.406250	-154.687500
5150.046291	0.725957	-141.406250	-154.687500
5150.048290	0.829550	-141.406250	-154.687500
5150.050290	0.826980	9.096784	0.136193
5151.034321	0.473844	-36.425781	173.730469
5151.036323	0.763979	-36.425781	173.730469
5151.038322	0.827506	-36.425781	173.730469
5151.040323	0.825079	9.075869	0.104743
5152.120403	0.494392	-139.160156	-154.785156
5152.122404	0.776314	-139.160156	-154.785156
5152.124404	0.827340	-139.160156	-154.785156
5152.126406	0.824919	9.074114	0.133370
5153.112490	0.547496	-47.070312	173.046875
5153.114492	0.802044	-47.070312	173.046875
5153.116490	0.826865	-47.070312	173.046875
5153.118493	0.824705	9.071756	0.104856
5154.196522	0.487934	-139.160156	-155.175781
5154.198523	0.772571	-139.160156	-155.175781
5154.200523	0.827367	-139.160156	-155.175781
5154.202524	0.824945	9.074397	0.131742
5155.190541	0.523054	-48.535156	172.949219
5155.192543	0.791599	-48.535156	172.949219
5155.194543	0.827545	-48.535156	172.949219
5155.196544	0.825301	9.078305	0.104092
5156.274589	0.803509	-145.507812	-155.468750
5156.276591	0.827320	-145.507812	-155.468750
5156.278590	0.825097	9.076063	0.130676
5157.269171	0.588216	-7.910156	171.875000
5157.271174	0.815827	-7.910156	171.875000
5157.273174	0.827004	-7.910156	171.875000
5157.275174	0.824988	9.074867	0.106273
5158.349203	0.542417	-145.117187	-155.664062
5158.351205	0.800412	-145.117187	-155.664062
5158.353206	0.827720	-145.117187	-155.664062
5158.355205	0.825594	9.081532	0.129291
5159.350175	0.827888	-73.437500	173.046875
5159.352177	0.825380	-73.437500	173.046875
5159.354177	0.823694	9.060634	0.103951
5160.426771	0.748593	-145.898437	-156.054687
5160.428771	0.827758	-145.898437	-156.054687
5160.430770	0.825215	9.077366	0.130172
5161.423728	0.538357	-28.710937	172.167969
5161.425731	0.798479	-28.710937	172.167969
5161.427730	0.827343	-28.710937	172.167969
5161.429730	0.825139	9.076525	0.103624
5162.501840	0.433178	-143.652344	-156.054687
5162.503841	0.736038	-143.652344	-156.054687
5162.505842	0.828190	-143.652344	-156.054687
5162.507841	0.825590	9.081487	0.134424
5163.502422	0.755775	-11.718750	171.875000
5163.504425	0.828116	-11.718750	171.875000
5163.506426	0.825573	9.081302	0.104622
5164.578964	0.583083	-140.429687	-156.054687
5164.580967	0.592696	-140.429687	-156.054687
5164.582965	0.827112	-140.429687	-156.054687
5164.584966	0.825093	9.076028	0.250707
5165.579029	0.605239	-79.980469	172.753906
5165.581031	0.819504	-79.980469	172.753906
5165.583032	0.826469	-79.980469	172.753906
5165.585031	0.824339	9.067724	0.107110
5166.655669	0.507818	-144.335937	-155.957031
5166.657671	0.783759	-144.335937	-155.957031
5166.659671	0.827356	-144.335937	-155.957031
5166.661671	0.825071	9.075780	0.130473
5167.654557	0.425615	-19.433594	171.875000
5167.656559	0.730372	-19.433594	171.875000
5167.658560	0.828414	-19.433594	171.875000
5167.660559	0.825903	9.084934	0.107671
5168.734516	0.752937	-144.921875	-155.859375
5168.736519	0.827585	-144.921875	-155.859375
5168.738518	0.824865	9.073520	0.128051
5169.734570	0.805511	-1.464844	171.679687
5169.738570	0.825094	-1.464844	171.679687
5169.742570	0.822568	9.048244	0.106390
5170.810561	0.510944	-140.917969	-155.468750
5170.812563	0.785463	-140.917969	-155.468750
5170.814563	0.827391	-140.917969	-155.468750
5170.816562	0.825134	9.076471	0.127425
5171.808600	0.533374	-67.578125	172.851562
5171.810600	0.796202	-67.578125	172.851562
5171.812600	0.827305	-67.578125	172.851562
5171.814601	0.825002	9.075027	0.099218
5172.887210	0.344725	-144.238281	-155.761719
5172.889212	0.660808	-144.238281	-155.761719
5172.891210	0.827597	-144.238281	-155.761719
5172.893212	0.826970	9.096668	0.128740
5173.883823	0.468440	-6.542969	171.386719
5173.885826	0.760629	-6.542969	171.386719
5173.887826	0.827962	-6.542969	171.386719
5173.889825	0.825515	9.080663	0.099186
5174.967835	0.717555	-135.644531	-155.664062
5174.969839	0.828078	-135.644531	-155.664062
5174.971838	0.825562	9.081177	0.127186
5175.959856	0.367026	-36.230469	172.460937
5175.961859	0.681016	-36.230469	172.460937
5175.963860	0.827339	-36.230469	172.460937
5175.965859	0.825704	9.082746	0.100164
5177.043913	0.391811	-138.281250	-155.468750
5177.045913	0.703111	-138.281250	-155.468750
5177.047913	0.829098	-138.281250	-155.468750
5177.049913	0.829114	9.120259	0.128005
5178.035916	0.433358	-37.500000	172.851562
5178.037919	0.736128	-37.500000	172.851562
5178.039917	0.828292	-37.500000	172.851562
5178.041917	0.825773	9.083499	0.098809
5179.121901	0.518503	-137.402344	-155.371094
5179.123901	0.789002	-137.402344	-155.371094
5179.125901	0.827070	-137.402344	-155.371094
5179.127899	0.826973	9.096704	0.128716
5180.111929	0.490460	-28.710937	173.339844
5180.113930	0.774140	-28.710937	173.339844
5180.115933	0.827639	-28.710937	173.339844
5180.119929	0.823529	9.058817	0.098256
5181.199993	0.499318	-136.621094	-155.761719
5181.201994	0.778885	-136.621094	-155.761719
5181.203995	0.827004	-136.621094	-155.761719
5181.205994	0.824594	9.070534	0.132867
5182.187960	0.471185	-7.714844	173.730469
5182.189962	0.762464	-7.714844	173.730469
5182.191961	0.828062	-7.714844	173.730469
5182.193962	0.825578	9.081354	0.098311
5183.277942	1.380114	-140.625000	-157.128906
5183.279944	0.691423	-140.625000	-157.128906
5183.281943	0.828638	-140.625000	-157.128906
5183.283944	0.826652	9.093168	0.128111
5184.264001	0.452579	1.367187	174.316406
5184.266004	0.750216	1.367187	174.316406
5184.268004	0.828452	1.367187	174.316406
5184.270004	0.825875	9.084624	0.097657
5185.356051	0.525199	-139.550781	-157.812500
5185.358052	0.792384	-139.550781	-157.812500
5185.360054	0.827110	-139.550781	-157.812500
5185.362053	0.824821	9.073032	0.127243
5186.340119	0.444735	-51.464844	176.757812
5186.344119	0.828217	-51.464844	176.757812
5186.348118	0.823823	-51.464844	176.757812
5186.350120	0.822685	9.049530	0.099383
5187.432694	0.438981	-138.867187	-160.156250
5187.434694	0.740319	-138.867187	-160.156250
5187.436696	0.828244	-138.867187	-160.156250
5187.438694	0.825672	9.082391	0.128221
5188.420721	0.828757	18.945312	176.074219
5188.422723	0.826204	18.945312	176.074219
5188.424724	0.824529	9.069824	0.099188
5189.508740	0.338038	-139.062500	-161.914062
5189.510743	0.654489	-139.062500	-161.914062
5189.512742	0.827513	-139.062500	-161.914062
5189.514742	0.827400	9.101401	0.131283
5190.494826	0.575817	6.738281	177.734375
5190.496825	0.812229	6.738281	177.734375
5190.498826	0.826960	6.738281	177.734375
5190.502825	0.823404	9.057444	0.100860
5191.584838	0.326774	-134.472656	-164.355469
5191.586837	0.644057	-134.472656	-164.355469
5191.588837	0.826336	-134.472656	-164.355469
5191.590838	0.827157	9.098724	0.136475
5192.572853	0.302849	-18.457031	179.003906
5192.574853	0.621138	-18.457031	179.003906
5192.576852	0.822813	-18.457031	179.003906
5192.578853	0.826732	-18.457031	179.003906
5192.580851	0.824593	9.070524	0.099519
5193.660913	0.313527	-133.105469	-166.015625
5193.662918	0.631206	-133.105469	-166.015625
5193.664922	0.824239	-133.105469	-166.015625
5193.666924	0.826309	-133.105469	-166.015625
5193.668922	0.824414	9.068557	0.131672
5194.650938	0.608956	6.250000	179.394531
5194.652940	0.820458	6.250000	179.394531
5194.654941	0.826623	6.250000	179.394531
5194.656940	0.824537	9.069904	0.099931
