time (s)	coil I (A)	last det (V)	int current (uC)
1596.312407	0.310069	-217.187500	177.441406
1596.314409	0.627479	-217.187500	177.441406
1596.316409	0.933657	-217.187500	177.441406
1596.322408	1.256233	-217.187500	177.441406
1596.324410	1.253972	-217.187500	177.441406
1596.326410	1.252736	13.780094	0.085552
1597.360456	0.413753	-141.015625	-209.277344
1597.362459	0.726311	-141.015625	-209.277344
1597.364457	1.028107	-141.015625	-209.277344
1597.366459	1.246338	-141.015625	-209.277344
1597.368458	1.258405	-141.015625	-209.277344
1597.370458	1.255456	13.810015	0.093464
1598.396996	0.473266	-215.820312	175.585937
1598.398998	0.486899	-215.820312	175.585937
1598.403028	1.257361	-215.820312	175.585937
1598.405028	1.257378	-215.820312	175.585937
1598.407030	1.254552	13.800071	0.074083
1599.441611	0.494888	-141.699219	-206.347656
1599.443612	0.805185	-141.699219	-206.347656
1599.445612	1.103271	-141.699219	-206.347656
1599.449612	1.257242	-141.699219	-206.347656
1599.451612	1.254433	13.798759	0.063855
1600.471684	0.360895	-205.175781	174.609375
1600.473686	0.675806	-205.175781	174.609375
1600.475686	0.979784	-205.175781	174.609375
1600.477686	1.228160	-205.175781	174.609375
1600.479686	1.258206	-205.175781	174.609375
1600.481687	1.254974	13.804714	0.094187
1601.527752	0.513520	-142.285156	-204.687500
1601.529753	0.823443	-142.285156	-204.687500
1601.531751	1.119995	-142.285156	-204.687500
1601.533753	1.260279	-142.285156	-204.687500
1601.535752	1.257756	13.835316	0.067365
1602.555785	0.621736	-190.332031	174.804687
1602.557786	0.928140	-190.332031	174.804687
1602.559787	1.200196	-190.332031	174.804687
1602.561787	1.258850	-190.332031	174.804687
1602.563786	1.255177	13.806948	0.401547
1603.609850	0.501281	-144.140625	-202.832031
1603.611851	0.811251	-144.140625	-202.832031
1603.615848	1.259512	-144.140625	-202.832031
1603.617851	1.257647	-144.140625	-202.832031
1603.619851	1.254993	13.804927	0.073101
1604.633885	0.628219	-203.515625	173.632812
1604.635888	0.934163	-203.515625	173.632812
1604.637887	1.204350	-203.515625	173.632812
1604.639886	1.259494	-203.515625	173.632812
1604.641887	1.255954	13.815491	0.100699
1605.698446	0.644026	-144.433594	-202.050781
1605.700447	0.949366	-144.433594	-202.050781
1605.702448	1.212890	-144.433594	-202.050781
1605.704447	1.258949	-144.433594	-202.050781
1605.706447	1.255520	13.810722	0.061765
1606.714511	0.445243	-178.613281	174.316406
1606.716514	0.756710	-178.613281	174.316406
1606.718513	1.057244	-178.613281	174.316406
1606.720512	1.253175	-178.613281	174.316406
1606.722514	1.257842	-178.613281	174.316406
1606.724513	1.254848	13.803323	0.081110
1607.780559	0.534717	-145.214844	-202.441406
1607.782560	0.844173	-145.214844	-202.441406
1607.784562	1.138239	-145.214844	-202.441406
1607.786560	1.260191	-145.214844	-202.441406
1607.788561	1.256942	13.826365	0.054003
1608.793153	0.591329	-196.875000	174.316406
1608.795152	0.898713	-196.875000	174.316406
1608.797152	1.181163	-196.875000	174.316406
1608.799153	1.260215	-196.875000	174.316406
1608.801154	1.256552	13.822066	0.110312
1609.859157	0.535340	-144.335937	-201.562500
1609.861158	0.844592	-144.335937	-201.562500
1609.865156	1.260835	-144.335937	-201.562500
1609.867158	1.257648	-144.335937	-201.562500
1609.869158	1.257507	13.832578	0.053764
1610.875212	0.352400	-179.882812	175.097656
1610.877213	0.667722	-179.882812	175.097656
1610.879213	0.972048	-179.882812	175.097656
1610.885213	1.255187	-179.882812	175.097656
1610.887214	1.253250	-179.882812	175.097656
1610.889213	1.252080	13.772881	0.090390
1611.943246	0.534885	-144.726562	-202.636719
1611.945247	0.844312	-144.726562	-202.636719
1611.947248	1.138252	-144.726562	-202.636719
1611.951245	1.257049	-144.726562	-202.636719
1611.953248	1.254634	13.800974	0.061843
1612.959847	0.597817	-187.109375	174.316406
1612.961851	0.905158	-187.109375	174.316406
1612.963849	1.185377	-187.109375	174.316406
1612.965848	1.259411	-187.109375	174.316406
1612.967848	1.255623	13.811849	0.305534
1614.020389	0.407440	-145.117187	-203.417969
1614.022389	0.720487	-145.117187	-203.417969
1614.024390	1.022480	-145.117187	-203.417969
1614.028388	1.258088	-145.117187	-203.417969
1614.030389	1.255106	-145.117187	-203.417969
1614.032391	1.253325	13.786573	0.057361
1615.041357	0.653752	-179.394531	174.121094
1615.043360	0.958682	-179.394531	174.121094
1615.045358	1.217829	-179.394531	174.121094
1615.047359	1.258553	-179.394531	174.121094
1615.049359	1.255086	13.805946	0.566143
1616.105418	0.812161	-141.601562	-204.296875
1616.107420	1.109752	-141.601562	-204.296875
1616.111419	1.258011	-141.601562	-204.296875
1616.113422	1.255451	13.809960	0.064804
1617.127431	0.623257	-182.519531	173.925781
1617.129435	0.929554	-182.519531	173.925781
1617.133432	1.258799	-182.519531	173.925781
1617.137431	1.255093	-182.519531	173.925781
1617.139432	1.251842	13.770267	0.095554
1618.183541	1.121896	-139.941406	-206.250000
1618.185543	1.259556	-139.941406	-206.250000
1618.187542	1.256822	13.825045	0.061958
1619.207513	0.537102	-190.332031	175.195312
1619.209515	0.846423	-190.332031	175.195312
1619.211516	1.140132	-190.332031	175.195312
1619.213515	1.260722	-190.332031	175.195312
1619.215517	1.257414	13.831550	0.078804
1620.257504	0.497452	-138.671875	-207.324219
1620.259504	0.807543	-138.671875	-207.324219
1620.261505	1.105399	-138.671875	-207.324219
1620.265504	1.257520	-138.671875	-207.324219
1620.267506	1.254780	13.802579	0.083455
1621.293505	0.257867	-195.117187	176.269531
1621.295508	0.879714	-195.117187	176.269531
1621.297508	1.167248	-195.117187	176.269531
1621.299507	1.260991	-195.117187	176.269531
1621.301507	1.257473	13.832206	0.088070
1622.337568	0.302044	-136.328125	-210.546875
1622.341567	0.926358	-136.328125	-210.546875
1622.343569	1.199439	-136.328125	-210.546875
1622.345568	1.259537	-136.328125	-210.546875
1622.347569	1.255901	13.814915	0.071789
1623.377563	0.765846	-197.558594	177.832031
1623.379565	1.065736	-197.558594	177.832031
1623.381564	1.254387	-197.558594	177.832031
1623.383565	1.257285	-197.558594	177.832031
1623.385565	1.254354	13.797890	0.075794
1624.416214	0.393804	-134.765625	-213.964844
1624.418216	0.707271	-134.765625	-213.964844
1624.420216	1.009881	-134.765625	-213.964844
1624.422217	1.239845	-134.765625	-213.964844
1624.424216	1.257586	-134.765625	-213.964844
1624.426215	1.257472	13.832188	0.090243
1625.457761	3.241095	-197.851562	179.980469
1625.463109	0.984496	-197.851562	179.980469
1625.465111	1.230191	-197.851562	179.980469
1625.467110	1.258388	-197.851562	179.980469
1625.469110	1.255057	13.805627	0.072259
1626.499758	0.629352	-133.398437	-217.968750
1626.501761	0.935373	-133.398437	-217.968750
1626.503760	1.204799	-133.398437	-217.968750
1626.505761	1.258995	-133.398437	-217.968750
1626.507760	1.255418	13.809597	0.073213
1627.545775	1.130062	-179.199219	183.398437
1627.547777	1.259744	-179.199219	183.398437
1627.549777	1.256736	13.824097	0.067892
1628.583857	0.788315	-133.496094	-222.070312
1628.585861	1.087273	-133.496094	-222.070312
1628.587864	1.257302	-133.496094	-222.070312
1628.589865	1.257132	-133.496094	-222.070312
1628.591865	1.254278	13.797057	0.078983
1629.622457	0.510977	-169.238281	186.328125
1629.624458	0.820674	-169.238281	186.328125
1629.626459	1.117514	-169.238281	186.328125
1629.628458	1.258910	-169.238281	186.328125
1629.630457	1.256316	13.819479	0.071429
1630.662477	0.695447	-133.789062	-226.074219
1630.664479	0.998411	-133.789062	-226.074219
1630.666480	1.235935	-133.789062	-226.074219
1630.668482	1.258087	-133.789062	-226.074219
1630.670489	1.255038	13.805414	0.078782
1631.699097	0.607536	-175.000000	189.257812
1631.701099	0.914338	-175.000000	189.257812
1631.703101	1.191461	-175.000000	189.257812
1631.705099	1.258810	-175.000000	189.257812
1631.707099	1.255192	13.807117	0.084512
1632.745704	0.557893	-132.812500	-229.003906
1632.747709	0.866646	-132.812500	-229.003906
1632.749708	1.156924	-132.812500	-229.003906
1632.751707	1.260594	-132.812500	-229.003906
1632.753707	1.260543	13.865971	0.075093
1633.779720	0.563283	-159.179687	191.796875
1633.781721	0.574923	-159.179687	191.796875
1633.783720	1.161179	-159.179687	191.796875
1633.785721	1.260525	-159.179687	191.796875
1633.787720	1.256962	13.826587	0.121948
1634.827761	0.337659	-131.835937	-230.761719
1634.829763	0.653558	-131.835937	-230.761719
1634.831763	0.958528	-131.835937	-230.761719
1634.833763	1.217573	-131.835937	-230.761719
1634.835763	1.258272	-131.835937	-230.761719
1634.837762	1.254852	13.803376	0.062329
1635.857824	0.525827	-146.289062	194.140625
1635.859824	0.835202	-146.289062	194.140625
1635.861824	1.130488	-146.289062	194.140625
1635.863824	1.260539	-146.289062	194.140625
1635.865825	1.257520	13.832720	0.083619
1636.915874	0.706262	-132.714844	-231.542969
1636.917878	1.008878	-132.714844	-231.542969
1636.919880	1.239480	-132.714844	-231.542969
1636.923881	1.254412	-132.714844	-231.542969
1636.925883	1.252750	13.780245	0.050058
1637.935942	0.411885	-144.140625	195.214844
1637.937946	0.724644	-144.140625	195.214844
1637.939943	1.026440	-144.140625	195.214844
1637.941944	1.245609	-144.140625	195.214844
1637.943945	1.257923	-144.140625	195.214844
1637.945944	1.255008	13.805086	0.086825
1638.998016	0.661055	-133.300781	-231.640625
1639.000017	0.965648	-133.300781	-231.640625
1639.004015	1.223679	-133.300781	-231.640625
1639.006021	1.254895	-133.300781	-231.640625
1639.008017	1.252975	13.782727	0.053514
1640.014597	0.642826	-142.578125	195.996094
1640.016598	0.948093	-142.578125	195.996094
1640.018599	1.212145	-142.578125	195.996094
1640.020600	1.258654	-142.578125	195.996094
1640.022599	1.255104	13.806141	0.095821
1641.079223	0.511041	-133.300781	-231.640625
1641.081226	0.821005	-133.300781	-231.640625
1641.083227	1.117767	-133.300781	-231.640625
1641.085226	1.259829	-133.300781	-231.640625
1641.087227	1.257351	13.830859	0.055758
1642.097287	0.563512	-140.332031	196.289062
1642.099289	0.872097	-140.332031	196.289062
1642.101290	1.161145	-140.332031	196.289062
1642.103289	1.260958	-140.332031	196.289062
1642.105290	1.257336	13.830699	0.092146
1643.157928	0.260255	-132.812500	-231.347656
1643.159930	0.580578	-132.812500	-231.347656
1643.161928	0.888604	-132.812500	-231.347656
1643.163928	1.173659	-132.812500	-231.347656
1643.165929	1.259865	-132.812500	-231.347656
1643.167930	1.256241	13.818655	0.051130
1644.173982	0.385258	-134.082031	195.312500
1644.177981	1.001999	-134.082031	195.312500
1644.179983	1.237918	-134.082031	195.312500
1644.181983	1.259149	-134.082031	195.312500
1644.183983	1.256123	13.817352	0.084550
1645.242037	0.588834	-134.179687	-232.324219
1645.244037	0.896649	-134.179687	-232.324219
1645.246037	1.179390	-134.179687	-232.324219
1645.250036	1.256004	-134.179687	-232.324219
1645.252035	1.253688	13.790570	0.055708
1646.256128	0.297223	-128.515625	194.824219
1646.258131	0.615469	-128.515625	194.824219
1646.260130	0.921966	-128.515625	194.824219
1646.262131	1.196310	-128.515625	194.824219
1646.264132	1.258617	-128.515625	194.824219
1646.266130	1.254967	13.804634	0.090065
1647.326168	0.871402	-134.765625	-232.128906
1647.328170	1.160546	-134.765625	-232.128906
1647.330170	1.260261	-134.765625	-232.128906
1647.332169	1.256787	13.824656	0.093517
1648.336767	0.460622	-131.250000	195.703125
1648.338767	0.771773	-131.250000	195.703125
1648.340768	1.071446	-131.250000	195.703125
1648.342767	1.255736	-131.250000	195.703125
1648.344768	1.257799	-131.250000	195.703125
1648.346767	1.255051	13.805565	0.081310
1649.403368	0.835615	-134.082031	-232.519531
1649.405367	1.130659	-134.082031	-232.519531
1649.407369	1.259345	-134.082031	-232.519531
1649.409370	1.256287	13.819152	0.076693
1650.421437	0.549667	-138.281250	195.312500
1650.423438	0.858728	-138.281250	195.312500
1650.425438	1.150305	-138.281250	195.312500
1650.427439	1.260113	-138.281250	195.312500
1650.429440	1.256547	13.822014	0.085006
1651.484058	0.364995	-132.714844	-231.933594
1651.486059	0.679801	-132.714844	-231.933594
1651.488063	0.984169	-132.714844	-231.933594
1651.490062	1.229965	-132.714844	-231.933594
1651.492064	1.258198	-132.714844	-231.933594
1651.494063	1.254879	13.803669	0.036507
1652.508090	1.202839	-136.718750	195.214844
1652.510090	1.258879	-136.718750	195.214844
1652.514089	1.253205	13.785254	0.423928
1653.560679	0.699079	-131.933594	-232.031250
1653.562684	1.001947	-131.933594	-232.031250
1653.564680	1.237061	-131.933594	-232.031250
1653.566682	1.257654	-131.933594	-232.031250
1653.568685	1.254425	13.798679	0.056851
1654.587274	0.564789	-135.742187	194.140625
1654.589277	0.873263	-135.742187	194.140625
1654.591275	1.162071	-135.742187	194.140625
1654.593276	1.260611	-135.742187	194.140625
1654.595276	1.256998	13.826976	0.119962
1655.643349	0.871397	-131.054687	-230.761719
1655.645351	1.160636	-131.054687	-230.761719
1655.647352	1.260177	-131.054687	-230.761719
1655.649352	1.256585	13.822430	0.099621
1656.671401	0.885354	-150.195312	192.871094
1656.675401	1.262487	-150.195312	192.871094
1656.677411	1.258848	-150.195312	192.871094
1656.679408	1.256691	13.823600	0.074187
1657.720310	0.579440	-130.859375	-229.296875
1657.722311	0.887500	-130.859375	-229.296875
1657.724312	1.173030	-130.859375	-229.296875
1657.726313	1.260461	-130.859375	-229.296875
1657.728312	1.260336	13.863692	0.172877
1658.752377	0.481643	-143.164062	190.039062
1658.754378	0.792210	-143.164062	190.039062
1658.756386	1.091025	-143.164062	190.039062
1658.758385	1.258247	-143.164062	190.039062
1658.760383	1.257899	13.836893	0.072623
1659.796367	0.278622	-130.273437	-226.269531
1659.798369	0.597879	-130.273437	-226.269531
1659.800369	0.905110	-130.273437	-226.269531
1659.802370	1.185369	-130.273437	-226.269531
1659.804368	1.259163	-130.273437	-226.269531
1659.806370	1.255182	13.807001	0.073908
1660.836421	0.573657	-154.296875	187.402344
1660.838424	0.881911	-154.296875	187.402344
1660.840424	0.891422	-154.296875	187.402344
1660.842423	1.262164	-154.296875	187.402344
1660.844425	1.258606	13.844666	0.157373
1661.876980	0.380538	-130.273437	-223.046875
1661.878981	0.694288	-130.273437	-223.046875
1661.880982	0.997392	-130.273437	-223.046875
1661.882982	1.235447	-130.273437	-223.046875
1661.884982	1.258212	-130.273437	-223.046875
1661.886982	1.255047	13.805512	0.071173
1662.917054	0.550692	-162.988281	184.277344
1662.919057	0.859516	-162.988281	184.277344
1662.921058	1.151028	-162.988281	184.277344
1662.923057	1.259985	-162.988281	184.277344
1662.925055	1.256510	13.821615	0.067376
1663.957624	0.681719	-130.078125	-219.042969
1663.959627	0.985367	-130.078125	-219.042969
1663.961628	1.230602	-130.078125	-219.042969
1663.963628	1.258289	-130.078125	-219.042969
1663.965626	1.255058	13.805635	0.703214
1664.999743	0.693369	-172.949219	181.445312
1665.001745	0.996500	-172.949219	181.445312
1665.003745	1.235091	-172.949219	181.445312
1665.005745	1.258148	-172.949219	181.445312
1665.007746	1.254878	13.803659	0.064049
1666.038350	0.495112	-130.761719	-215.917969
1666.040352	0.805138	-130.761719	-215.917969
1666.042352	1.103115	-130.761719	-215.917969
1666.044352	1.258704	-130.761719	-215.917969
1666.046351	1.257248	13.829723	0.064016
1667.080434	0.519566	-166.699219	179.394531
1667.082435	0.829254	-166.699219	179.394531
1667.084435	1.125011	-166.699219	179.394531
1667.086435	1.260158	-166.699219	179.394531
1667.088435	1.257386	13.831248	0.074479
1668.123437	0.864746	-132.324219	-212.207031
1668.125439	1.155253	-132.324219	-212.207031
1668.127439	1.260536	-132.324219	-212.207031
1668.129440	1.260463	13.865093	0.074581
1669.155511	0.568241	-150.878906	177.246094
1669.157515	0.876795	-150.878906	177.246094
1669.159514	1.164806	-150.878906	177.246094
1669.161520	1.260275	-150.878906	177.246094
1669.163523	1.256649	13.823139	0.141812
1670.203547	0.423830	-133.691406	-209.570312
1670.205549	0.735973	-133.691406	-209.570312
1670.207548	1.037210	-133.691406	-209.570312
1670.209549	1.248081	-133.691406	-209.570312
1670.211550	1.257219	-133.691406	-209.570312
1670.215547	1.252489	13.777383	0.065568
1671.233599	0.550203	-146.289062	175.781250
1671.235599	0.859053	-146.289062	175.781250
1671.237601	1.150579	-146.289062	175.781250
1671.239599	1.260445	-146.289062	175.781250
1671.241599	1.256813	13.824938	0.078927
1672.285677	0.311455	-135.253906	-206.933594
1672.287677	0.628950	-135.253906	-206.933594
1672.289677	0.934757	-135.253906	-206.933594
1672.291678	1.204324	-135.253906	-206.933594
1672.293677	1.258598	-135.253906	-206.933594
1672.295677	1.255022	13.805237	0.066496
1673.311747	0.581997	-154.882812	175.097656
1673.313751	0.889858	-154.882812	175.097656
1673.315749	1.174518	-154.882812	175.097656
1673.317750	1.259767	-154.882812	175.097656
1673.319748	1.256010	13.816112	0.080240
1674.368319	0.389098	-135.644531	-205.175781
1674.370319	0.702621	-135.644531	-205.175781
1674.372320	1.005376	-135.644531	-205.175781
1674.374319	1.014940	-135.644531	-205.175781
1674.376318	1.257588	-135.644531	-205.175781
1674.378321	1.254516	13.799672	0.064189
1675.392374	0.520092	-144.531250	174.609375
1675.394376	0.532991	-144.531250	174.609375
1675.396377	1.125139	-144.531250	174.609375
1675.398376	1.258830	-144.531250	174.609375
1675.400377	1.255775	13.813523	0.081769
1676.450947	0.338720	-136.425781	-204.199219
1676.452948	0.654666	-136.425781	-204.199219
1676.454949	0.959461	-136.425781	-204.199219
1676.456948	1.219183	-136.425781	-204.199219
1676.458949	1.260716	-136.425781	-204.199219
1676.460948	1.257508	13.832586	0.060472
1677.468950	0.425018	-137.988281	174.511719
1677.470954	0.737099	-137.988281	174.511719
1677.472953	1.038262	-137.988281	174.511719
1677.474951	1.248469	-137.988281	174.511719
1677.476951	1.257363	-137.988281	174.511719
1677.478952	1.254239	13.796633	0.082689
1678.535027	0.679647	-137.988281	-203.710937
1678.537029	0.983224	-137.988281	-203.710937
1678.539030	1.229559	-137.988281	-203.710937
1678.541031	1.258011	-137.988281	-203.710937
1678.543031	1.257860	13.836459	0.057486
1679.553614	0.869212	-140.527344	174.511719
1679.555615	1.158974	-140.527344	174.511719
1679.557616	1.260614	-140.527344	174.511719
1679.559616	1.256990	13.826888	0.099247
1680.613753	0.460331	-137.304687	-202.929687
1680.615755	0.771221	-137.304687	-202.929687
1680.617757	1.070979	-137.304687	-202.929687
1680.619755	1.255547	-137.304687	-202.929687
1680.621755	1.257781	-137.304687	-202.929687
1680.625753	1.253335	13.786689	0.056894
1681.629778	0.433702	-126.660156	174.609375
1681.633776	1.046445	-126.660156	174.609375
1681.635779	1.250344	-126.660156	174.609375
1681.637779	1.257080	-126.660156	174.609375
1681.639778	1.254205	13.796260	0.080587
1682.697850	0.856356	-136.718750	-203.222656
1682.699849	1.148325	-136.718750	-203.222656
1682.701851	1.260170	-136.718750	-203.222656
1682.703851	1.256694	13.823635	0.053851
1683.713883	0.735272	-133.300781	174.316406
1683.715885	1.036514	-133.300781	174.316406
1683.717885	1.250177	-133.300781	174.316406
1683.719884	1.260343	-133.300781	174.316406
1683.721885	1.257737	13.835104	0.082634
1684.772537	0.388797	-135.742187	-203.613281
1684.774539	0.702484	-135.742187	-203.613281
1684.778537	1.238263	-135.742187	-203.613281
1684.780538	1.257598	-135.742187	-203.613281
1684.782540	1.254482	13.799299	0.060814
1685.790606	0.383609	-134.179687	174.804687
1685.792606	0.697069	-134.179687	174.804687
1685.794607	0.999988	-134.179687	174.804687
1685.796606	1.008512	-134.179687	174.804687
1685.798608	1.257219	-134.179687	174.804687
1685.800608	1.254048	13.794522	0.080898
1686.854681	0.446409	-136.621094	-204.687500
1686.858682	1.058152	-136.621094	-204.687500
1686.860683	1.252895	-136.621094	-204.687500
1686.862684	1.257159	-136.621094	-204.687500
1686.864683	1.254299	13.797288	0.058196
1687.874798	0.579450	-145.996094	174.804687
1687.876798	0.887515	-145.996094	174.804687
1687.878800	1.172802	-145.996094	174.804687
1687.880798	1.178453	-145.996094	174.804687
1687.882799	1.256510	13.821615	0.201749
1688.932853	0.520457	-133.984375	-205.566406
1688.934854	0.829897	-133.984375	-205.566406
1688.936853	1.125577	-133.984375	-205.566406
1688.938855	1.259046	-133.984375	-205.566406
1688.940853	1.256031	13.816341	0.061556
1689.956925	0.411647	-144.921875	175.390625
1689.958929	0.724111	-144.921875	175.390625
1689.962926	1.244840	-144.921875	175.390625
1689.964932	1.247544	-144.921875	175.390625
1689.966936	1.254149	13.795640	0.071018
1691.012961	0.518359	-134.277344	-207.421875
1691.014963	0.827740	-134.277344	-207.421875
1691.016962	1.123790	-134.277344	-207.421875
1691.020961	1.260329	-134.277344	-207.421875
1691.022963	1.258001	13.838011	0.063428
1692.039953	0.524475	-136.816406	176.074219
1692.041952	0.833819	-136.816406	176.074219
1692.045951	1.259453	-136.816406	176.074219
1692.047952	1.256578	-136.816406	176.074219
1692.049952	1.254073	13.794806	0.077567
1693.089982	1.442773	-132.031250	-210.058594
1693.091984	0.625211	-132.031250	-210.058594
1693.093984	0.931257	-132.031250	-210.058594
1693.095984	1.202079	-132.031250	-210.058594
1693.097985	1.258267	-132.031250	-210.058594
1693.099985	1.254645	13.801089	0.063871
1694.120046	0.315358	-134.863281	176.660156
1694.122047	0.327557	-134.863281	176.660156
1694.124047	0.938039	-134.863281	176.660156
1694.126048	1.206785	-134.863281	176.660156
1694.128054	1.260047	-134.863281	176.660156
1694.130059	1.256667	13.823342	0.068277
1695.168082	0.435003	-133.300781	-213.085937
1695.170085	0.746622	-133.300781	-213.085937
1695.172084	1.047375	-133.300781	-213.085937
1695.174085	1.250203	-133.300781	-213.085937
1695.176084	1.256609	-133.300781	-213.085937
1695.178084	1.253726	13.790987	0.069176
1696.202174	0.264127	-146.582031	178.125000
1696.204174	0.584226	-146.582031	178.125000
1696.206175	0.891867	-146.582031	178.125000
1696.208176	1.175936	-146.582031	178.125000
1696.210175	1.259458	-146.582031	178.125000
1696.212175	1.255677	13.812450	0.078339
1697.247140	0.528162	-129.101562	-217.187500
1697.249140	0.837312	-129.101562	-217.187500
1697.251142	1.131979	-129.101562	-217.187500
1697.253142	1.259140	-129.101562	-217.187500
1697.255141	1.255880	13.814684	0.064951
1698.291183	1.101042	-150.585937	180.859375
1698.293188	1.257903	-150.585937	180.859375
1698.295194	1.256426	13.820684	0.069820
1699.323771	0.357813	-128.222656	-219.726562
1699.325774	0.672407	-128.222656	-219.726562
1699.327772	0.976462	-128.222656	-219.726562
1699.329773	1.226160	-128.222656	-219.726562
1699.331773	1.257639	-128.222656	-219.726562
1699.333774	1.254356	13.797917	0.083753
1700.373803	1.074757	-145.312500	183.496094
1700.375806	1.083564	-145.312500	183.496094
1700.377805	1.256238	-145.312500	183.496094
1700.379805	1.256139	13.817530	0.059755
1701.403896	0.498144	-129.199219	-223.925781
1701.405899	0.808121	-129.199219	-223.925781
1701.407900	1.105754	-129.199219	-223.925781
1701.409900	1.258591	-129.199219	-223.925781
1701.413897	1.254172	13.795888	0.078182
1702.448495	0.718186	-128.320312	186.035156
1702.452498	1.243319	-128.320312	186.035156
1702.454501	1.257384	-128.320312	186.035156
1702.456501	1.254245	13.796694	0.065578
1703.488519	0.521838	-128.906250	-226.855469
1703.490522	0.831200	-128.906250	-226.855469
1703.492521	1.126659	-128.906250	-226.855469
1703.494520	1.258668	-128.906250	-226.855469
1703.496521	1.255648	13.812123	0.070938
1704.527512	0.524285	-117.675781	188.281250
1704.529513	0.833738	-117.675781	188.281250
1704.531512	1.128937	-117.675781	188.281250
1704.533512	1.260049	-117.675781	188.281250
1704.535512	1.256997	13.826968	0.067258
1705.569537	0.380645	-128.222656	-229.394531
1705.571539	0.694628	-128.222656	-229.394531
1705.573539	0.997625	-128.222656	-229.394531
1705.575538	1.007049	-128.222656	-229.394531
1705.577540	1.257464	-128.222656	-229.394531
1705.581537	1.252405	13.776453	0.078901
1706.603579	0.471111	-117.089844	190.332031
1706.605578	0.781682	-117.089844	190.332031
1706.607589	1.080889	-117.089844	190.332031
1706.609587	1.257786	-117.089844	190.332031
1706.613591	1.255756	-117.089844	190.332031
1706.615590	1.253950	13.793450	0.073083
1707.651602	0.625577	-128.417969	-230.664062
1707.653605	0.931455	-128.417969	-230.664062
1707.655605	1.202140	-128.417969	-230.664062
1707.657603	1.258110	-128.417969	-230.664062
1707.659606	1.254437	13.798802	0.064760
1708.683647	0.522040	-118.457031	192.968750
1708.685650	0.831484	-118.457031	192.968750
1708.687650	1.126894	-118.457031	192.968750
1708.689653	1.259278	-118.457031	192.968750
1708.691659	1.256316	13.819479	0.074317
1709.732271	0.429782	-126.367187	-230.957031
1709.734272	0.741765	-126.367187	-230.957031
1709.736273	1.042597	-126.367187	-230.957031
1709.738272	1.249013	-126.367187	-230.957031
1709.740272	1.256440	-126.367187	-230.957031
1709.742272	1.256344	13.819789	0.056890
1710.762303	0.390869	-97.460937	193.652344
1710.764305	0.704473	-97.460937	193.652344
1710.766305	1.006960	-97.460937	193.652344
1710.768304	1.238650	-97.460937	193.652344
1710.770306	1.257351	-97.460937	193.652344
1710.772304	1.254251	13.796765	0.065468
1711.816366	0.567696	-126.171875	-231.054687
1711.818367	0.876142	-126.171875	-231.054687
1711.820367	1.164098	-126.171875	-231.054687
1711.822367	1.259540	-126.171875	-231.054687
1711.824366	1.255824	13.814064	0.109649
1712.840329	0.319442	-112.890625	194.726562
1712.842332	0.636272	-112.890625	194.726562
1712.844333	0.941733	-112.890625	194.726562
1712.846330	1.208114	-112.890625	194.726562
1712.848331	1.257781	-112.890625	194.726562
1712.850332	1.257622	13.833845	0.074395
1713.899297	0.405533	-127.734375	-231.445312
1713.901297	0.718349	-127.734375	-231.445312
1713.903296	1.020276	-127.734375	-231.445312
1713.905298	1.243012	-127.734375	-231.445312
1713.907296	1.257018	-127.734375	-231.445312
1713.909296	1.253868	13.792546	0.045775
1714.921381	0.545091	-106.542969	194.531250
1714.923379	0.853970	-106.542969	194.531250
1714.925382	1.146271	-106.542969	194.531250
1714.927381	1.260112	-106.542969	194.531250
1714.929381	1.256697	13.823670	0.071606
1715.975971	0.607070	-127.343750	-232.031250
1715.977972	0.913832	-127.343750	-232.031250
1715.981971	1.258419	-127.343750	-232.031250
1715.983972	1.254715	-127.343750	-232.031250
1715.985972	1.252700	13.779696	0.049192
1717.000959	0.581269	-97.753906	194.628906
1717.002961	0.889098	-97.753906	194.628906
1717.004961	1.173928	-97.753906	194.628906
1717.006961	1.259600	-97.753906	194.628906
1717.010960	1.253550	13.789055	0.193910
1718.056932	0.436970	-126.953125	-231.835937
1718.058933	0.748807	-126.953125	-231.835937
1718.060932	1.049410	-126.953125	-231.835937
1718.062933	1.251241	-126.953125	-231.835937
1718.064934	1.257273	-126.953125	-231.835937
1718.066935	1.254333	13.797661	0.063826
1719.081005	0.527973	-105.468750	195.019531
1719.083004	0.837316	-105.468750	195.019531
1719.085004	1.132084	-105.468750	195.019531
1719.087004	1.260150	-105.468750	195.019531
1719.089005	1.257156	13.828713	0.066816
1720.137065	0.537247	-127.929687	-231.933594
1720.139067	0.846269	-127.929687	-231.933594
1720.141067	1.139825	-127.929687	-231.933594
1720.143067	1.259748	-127.929687	-231.933594
1720.145069	1.256332	13.819647	0.069252
1721.161633	0.545360	-96.484375	194.628906
1721.165634	1.146450	-96.484375	194.628906
1721.167635	1.259025	-96.484375	194.628906
1721.169637	1.255287	13.808162	0.077661
1722.215695	0.544087	-126.269531	-231.445312
1722.217697	0.853004	-126.269531	-231.445312
1722.219696	1.145445	-126.269531	-231.445312
1722.221698	1.258866	-126.269531	-231.445312
1722.223697	1.255242	13.807666	0.062383
1723.241663	1.522737	-94.921875	194.140625
1723.243666	0.604456	-94.921875	194.140625
1723.245666	0.911279	-94.921875	194.140625
1723.247665	1.189121	-94.921875	194.140625
1723.249665	1.258336	-94.921875	194.140625
1723.251665	1.254550	13.800045	0.076451
1724.293672	0.345281	-125.097656	-230.859375
1724.295673	0.660580	-125.097656	-230.859375
1724.297673	0.964961	-125.097656	-230.859375
1724.299675	1.220684	-125.097656	-230.859375
1724.301672	1.257808	-125.097656	-230.859375
1724.303672	1.254358	13.797935	0.059134
1725.325733	0.824973	-95.800781	192.968750
1725.327736	1.121115	-95.800781	192.968750
1725.329735	1.259947	-95.800781	192.968750
1725.331736	1.257323	13.830548	0.073096
1726.371765	0.409593	-124.902344	-229.785156
1726.373768	0.722176	-124.902344	-229.785156
1726.375767	1.023971	-124.902344	-229.785156
1726.377767	1.244493	-124.902344	-229.785156
1726.379767	1.257507	-124.902344	-229.785156
1726.381767	1.254441	13.798847	0.062358
1727.405823	0.422423	-104.980469	191.894531
1727.407825	0.734405	-104.980469	191.894531
1727.409826	1.035748	-104.980469	191.894531
1727.411826	1.247289	-104.980469	191.894531
1727.413827	1.256709	-104.980469	191.894531
1727.415825	1.253761	13.791368	0.065720
1728.453887	0.661466	-124.218750	-228.320312
1728.455888	0.965893	-124.218750	-228.320312
1728.457889	1.221136	-124.218750	-228.320312
1728.459888	1.257926	-124.218750	-228.320312
1728.461889	1.254595	13.800540	0.061281
1729.489955	0.727299	-107.031250	189.648437
1729.491958	1.028740	-107.031250	189.648437
1729.493956	1.245503	-107.031250	189.648437
1729.495957	1.256825	-107.031250	189.648437
1729.497957	1.253845	13.792298	0.063286
1730.531995	0.783889	-125.781250	-226.074219
1730.534029	1.082986	-125.781250	-226.074219
1730.538033	1.256307	-125.781250	-226.074219
1730.540035	1.253514	-125.781250	-226.074219
1730.542035	1.252000	13.772003	0.068220
1731.574666	1.085803	-118.750000	187.500000
1731.576670	1.256761	-118.750000	187.500000
1731.578669	1.256467	-118.750000	187.500000
1731.580669	1.253860	13.792458	0.064149
1732.607312	0.453523	-126.855469	-223.535156
1732.609314	0.764478	-126.855469	-223.535156
1732.611314	1.064439	-126.855469	-223.535156
1732.613316	1.253839	-126.855469	-223.535156
1732.615313	1.256999	-126.855469	-223.535156
1732.617315	1.254094	13.795036	0.073510
1733.652278	0.808104	-128.808594	184.277344
1733.654282	1.105722	-128.808594	184.277344
1733.656280	1.258311	-128.808594	184.277344
1733.658279	1.256493	13.821420	0.059446
1734.690350	0.977973	-125.195312	-220.703125
1734.692351	1.227153	-125.195312	-220.703125
1734.696349	1.254903	-125.195312	-220.703125
1734.698350	1.252986	13.782850	0.069946
1735.734357	0.830913	-130.859375	181.835937
1735.738355	1.259716	-130.859375	181.835937
1735.740357	1.256744	-130.859375	181.835937
1735.748356	1.250744	13.758188	0.060653
1736.766392	0.449349	-126.757812	-217.480469
1736.768393	0.760693	-126.757812	-217.480469
1736.770395	1.060711	-126.757812	-217.480469
1736.772394	1.252852	-126.757812	-217.480469
1736.774393	1.256420	-126.757812	-217.480469
1736.776393	1.253690	13.790587	0.072984
1737.810391	0.434291	-133.300781	179.882812
1737.812391	0.745850	-133.300781	179.882812
1737.814390	1.046579	-133.300781	179.882812
1737.816391	1.249944	-133.300781	179.882812
1737.818390	1.256624	-133.300781	179.882812
1737.820393	1.253587	13.789454	0.060028
1738.850396	0.733852	-125.585937	-213.476562
1738.852397	1.035029	-125.585937	-213.476562
1738.854398	1.247221	-125.585937	-213.476562
1738.858396	1.253773	-125.585937	-213.476562
1738.860396	1.252029	13.772323	0.066656
1739.894415	0.956129	-129.980469	178.222656
1739.896418	1.215924	-129.980469	178.222656
1739.898418	1.257745	-129.980469	178.222656
1739.900419	1.254200	13.796197	0.063825
1740.929022	0.680952	-128.906250	-210.644531
1740.931020	0.984416	-128.906250	-210.644531
1740.933020	1.229375	-128.906250	-210.644531
1740.935021	1.256915	-128.906250	-210.644531
1740.937022	1.256778	13.824556	0.072167
1741.970037	0.680209	-114.355469	176.562500
1741.972038	0.983721	-114.355469	176.562500
1741.974039	1.229472	-114.355469	176.562500
1741.976038	1.257792	-114.355469	176.562500
1741.978038	1.254516	13.799682	0.064243
1743.010112	0.389941	-128.906250	-208.300781
1743.012114	0.703238	-128.906250	-208.300781
1743.016114	1.237988	-128.906250	-208.300781
1743.018116	1.256778	-128.906250	-208.300781
1743.020115	1.253780	13.791580	0.063862
1744.045125	0.286801	-125.878906	175.878906
1744.047126	0.605558	-125.878906	175.878906
1744.049125	0.912170	-125.878906	175.878906
1744.051126	1.189784	-125.878906	175.878906
1744.053125	1.258400	-125.878906	175.878906
1744.055125	1.254673	13.801400	0.073348
1745.091673	0.290497	-128.320312	-206.738281
1745.093673	0.608738	-128.320312	-206.738281
1745.095673	0.619169	-128.320312	-206.738281
1745.097674	1.192023	-128.320312	-206.738281
1745.099675	1.258525	-128.320312	-206.738281
1745.101674	1.254705	13.801754	0.068114
1746.125715	0.525291	-112.207031	175.195312
1746.127716	0.834514	-112.207031	175.195312
1746.129716	1.129549	-112.207031	175.195312
1746.131716	1.258626	-112.207031	175.195312
1746.133717	1.255553	13.811087	0.065890
1747.173777	0.625452	-130.566406	-205.468750
1747.175780	0.931352	-130.566406	-205.468750
1747.177779	1.201847	-130.566406	-205.468750
1747.179782	1.257831	-130.566406	-205.468750
1747.181782	1.254210	13.796312	0.063432
1748.203856	0.495186	-112.207031	174.902344
1748.205859	0.805178	-112.207031	174.902344
1748.207859	1.103169	-112.207031	174.902344
1748.209859	1.257899	-112.207031	174.902344
1748.211859	1.256176	13.817937	0.073479
1749.253903	1.663118	-129.492187	-204.589844
1749.257903	0.962438	-129.492187	-204.589844
1749.259906	1.219165	-129.492187	-204.589844
1749.261906	1.257308	-129.492187	-204.589844
1749.263906	1.253875	13.792626	0.062980
1750.279952	0.299101	-100.390625	175.000000
1750.281953	0.616932	-100.390625	175.000000
1750.283955	0.923202	-100.390625	175.000000
1750.285954	1.196877	-100.390625	175.000000
1750.287952	1.258206	-100.390625	175.000000
1750.289954	1.254446	13.798901	0.072795
1751.336037	0.657183	-129.882812	-203.906250
1751.338039	0.961779	-129.882812	-203.906250
1751.342038	1.257886	-129.882812	-203.906250
1751.344040	1.254418	-129.882812	-203.906250
1751.346039	1.252618	13.778801	0.060655
1752.364084	0.590801	-111.132812	174.804687
1752.368084	1.180141	-111.132812	174.804687
1752.370086	1.258502	-111.132812	174.804687
1752.372085	1.254757	13.802322	0.069493
1753.415081	0.468075	-129.785156	-203.417969
1753.417083	0.778701	-129.785156	-203.417969
1753.419083	1.077938	-129.785156	-203.417969
1753.421092	1.257185	-129.785156	-203.417969
1753.423091	1.258067	-129.785156	-203.417969
1753.425093	1.255407	13.809474	0.055950
1754.441164	0.592812	-110.644531	175.000000
1754.443164	0.900078	-110.644531	175.000000
1754.445164	1.181821	-110.644531	175.000000
1754.447164	1.259551	-110.644531	175.000000
1754.451162	1.253501	13.788514	0.070749
1755.497762	0.783319	-130.371094	-203.906250
1755.499786	1.082356	-130.371094	-203.906250
1755.501788	1.256196	-130.371094	-203.906250
1755.505787	1.253328	-130.371094	-203.906250
1755.507789	1.251757	13.769327	0.056424
1756.524342	0.804906	-98.925781	174.511719
1756.526344	1.102770	-98.925781	174.511719
1756.528344	1.257642	-98.925781	174.511719
1756.530346	1.255972	13.815695	0.070267
1757.574406	0.521698	-129.003906	-204.199219
1757.576409	0.831036	-129.003906	-204.199219
1757.578410	1.126486	-129.003906	-204.199219
1757.580412	1.259362	-129.003906	-204.199219
1757.582418	1.256424	13.820666	0.058096
1758.602403	0.566859	-98.925781	174.804687
1758.604403	0.875230	-98.925781	174.804687
1758.606403	1.163555	-98.925781	174.804687
1758.608405	1.260755	-98.925781	174.804687
1758.610404	1.257157	13.828732	0.071852
1759.652440	0.595203	-129.687500	-205.371094
1759.654443	0.902320	-129.687500	-205.371094
1759.656443	0.929325	-129.687500	-205.371094
1759.660443	1.254241	-129.687500	-205.371094
1759.662443	1.252244	13.774680	0.064136
1760.686460	0.893928	-109.082031	175.097656
1760.688464	1.177355	-109.082031	175.097656
1760.690462	1.259279	-109.082031	175.097656
1760.692463	1.255598	13.811583	0.216520
1761.730494	0.368637	-128.515625	-206.835937
1761.732494	0.682848	-128.515625	-206.835937
1761.734494	0.986192	-128.515625	-206.835937
1761.736495	1.230330	-128.515625	-206.835937
1761.738495	1.257192	-128.515625	-206.835937
1761.740495	1.254013	13.794143	0.066501
1762.768609	0.909129	-113.769531	175.781250
1762.770611	1.187776	-113.769531	175.781250
1762.772612	1.258581	-113.769531	175.781250
1762.774611	1.258449	13.842937	0.298470
1763.809159	0.401655	-125.976562	-208.496094
1763.811163	0.714390	-125.976562	-208.496094
1763.813161	1.016438	-125.976562	-208.496094
1763.815160	1.241678	-125.976562	-208.496094
1763.817161	1.256891	-125.976562	-208.496094
1763.819162	1.253967	13.793636	0.066284
1764.845258	0.451954	-111.132812	176.660156
1764.847260	0.762956	-111.132812	176.660156
1764.851258	1.253893	-111.132812	176.660156
1764.853260	1.257410	-111.132812	176.660156
1764.855259	1.254461	13.799068	0.067158
1765.887368	0.560715	-126.464844	-210.937500
1765.891370	1.158636	-126.464844	-210.937500
1765.893370	1.259037	-126.464844	-210.937500
1765.895371	1.255239	13.807631	0.091357
1766.929986	0.768509	-106.347656	178.125000
1766.931989	1.068182	-106.347656	178.125000
1766.933989	1.253838	-106.347656	178.125000
1766.935989	1.255978	-106.347656	178.125000
1766.937988	1.253225	13.785475	0.065864
1767.966024	0.512056	-125.390625	-213.769531
1767.968026	0.526203	-125.390625	-213.769531
1767.970027	1.117879	-125.390625	-213.769531
1767.972029	1.258813	-125.390625	-213.769531
1767.974034	1.256230	13.818531	0.070442
1769.008103	0.455207	-119.824219	179.882812
1769.010105	0.766296	-119.824219	179.882812
1769.012104	1.066046	-119.824219	179.882812
1769.014104	1.253651	-119.824219	179.882812
1769.016105	1.256279	-119.824219	179.882812
1769.018104	1.253455	13.788010	0.063575
1770.044132	0.268658	-124.414062	-216.699219
1770.046135	0.588474	-124.414062	-216.699219
1770.048134	0.895799	-124.414062	-216.699219
1770.050136	1.178642	-124.414062	-216.699219
1770.052144	1.259211	-124.414062	-216.699219
1770.054144	1.255328	13.808605	0.067375
1771.090211	0.706750	-116.308594	182.031250
1771.092214	1.009014	-116.308594	182.031250
1771.094212	1.239176	-116.308594	182.031250
1771.096213	1.256853	-116.308594	182.031250
1771.098213	1.253799	13.791784	0.062244
1772.124859	0.786548	-124.316406	-219.433594
1772.126864	1.085334	-124.316406	-219.433594
1772.130863	1.256390	-124.316406	-219.433594
1772.132865	1.253649	-124.316406	-219.433594
1772.134866	1.252162	13.773777	0.072234
1773.167393	0.364922	-112.109375	184.472656
1773.169397	0.679289	-112.109375	184.472656
1773.171396	0.982693	-112.109375	184.472656
1773.173395	1.228811	-112.109375	184.472656
1773.175396	1.257219	-112.109375	184.472656
1773.177396	1.254010	13.794115	0.057912
1774.205433	0.560214	-123.828125	-222.460937
1774.207435	0.868669	-123.828125	-222.460937
1774.209434	1.158137	-123.828125	-222.460937
1774.211436	1.259801	-123.828125	-222.460937
1774.213434	1.256117	13.817282	0.065539
1775.247961	0.653966	-91.015625	186.425781
1775.249961	0.958635	-91.015625	186.425781
1775.251962	1.217121	-91.015625	186.425781
1775.253961	1.257349	-91.015625	186.425781
1775.255963	1.253917	13.793087	0.061522
1776.285937	0.617107	-123.535156	-225.000000
1776.287939	0.923269	-123.535156	-225.000000
1776.291937	1.257684	-123.535156	-225.000000
1776.293939	1.254176	-123.535156	-225.000000
1776.295940	1.252142	13.773564	0.370361
1777.324495	0.432569	-85.156250	188.476562
1777.326498	0.744299	-85.156250	188.476562
1777.328497	1.044982	-85.156250	188.476562
1777.330497	1.249564	-85.156250	188.476562
1777.332496	1.256556	-85.156250	188.476562
1777.334497	1.253545	13.788993	0.061936
1778.368485	0.812952	-122.851562	-227.343750
1778.370487	1.110035	-122.851562	-227.343750
1778.372488	1.258233	-122.851562	-227.343750
1778.374487	1.256037	13.816412	0.064668
1779.405091	0.842825	-95.410156	190.429687
1779.407091	1.136703	-95.410156	190.429687
1779.409092	1.259381	-95.410156	190.429687
1779.411093	1.256030	13.816334	0.062937
1780.447132	0.299191	-122.949219	-228.808594
1780.449134	0.617074	-122.949219	-228.808594
1780.451133	0.923317	-122.949219	-228.808594
1780.453134	1.196922	-122.949219	-228.808594
1780.457132	1.254336	-122.949219	-228.808594
1780.459133	1.252348	13.775824	0.058995
1781.483186	1.538121	-74.902344	190.917969
1781.485187	0.914172	-74.902344	190.917969
1781.487187	1.191039	-74.902344	190.917969
1781.489186	1.258106	-74.902344	190.917969
1781.491187	1.254277	13.797049	0.323229
1782.529286	0.799642	-121.679687	-229.980469
1782.531288	1.097849	-121.679687	-229.980469
1782.533289	1.257879	-121.679687	-229.980469
1782.535289	1.256745	13.824194	0.058003
1783.559391	0.535775	-77.734375	192.285156
1783.561393	0.844707	-77.734375	192.285156
1783.563392	1.138391	-77.734375	192.285156
1783.565392	1.259715	-77.734375	192.285156
1783.567391	1.256394	13.820331	0.065504
1784.609456	0.509354	-122.167969	-230.859375
1784.611459	0.818935	-122.167969	-230.859375
1784.613458	1.115647	-122.167969	-230.859375
1784.615460	1.258272	-122.167969	-230.859375
1784.617458	1.255708	13.812788	0.057461
1785.637503	0.502497	-69.238281	192.187500
1785.639505	0.812181	-69.238281	192.187500
1785.641505	1.109478	-69.238281	192.187500
1785.643506	1.261433	-69.238281	192.187500
1785.647504	1.257088	13.827969	0.068390
1786.689558	0.604855	-122.265625	-231.054687
1786.691560	0.911611	-122.265625	-231.054687
1786.693560	1.189272	-122.265625	-231.054687
1786.695560	1.257998	-122.265625	-231.054687
1786.697561	1.254261	13.796871	0.060294
1787.719604	0.710589	-68.359375	192.968750
1787.721605	1.012781	-68.359375	192.968750
1787.723606	1.240281	-68.359375	192.968750
1787.725605	1.256588	-68.359375	192.968750
1787.727606	1.253545	13.788993	0.065753
1788.769650	0.539837	-122.167969	-231.347656
1788.771652	0.848843	-122.167969	-231.347656
1788.773654	1.141760	-122.167969	-231.347656
1788.775652	1.258908	-122.167969	-231.347656
1788.779650	1.252970	13.782664	0.054808
1789.795686	0.395538	-65.039062	192.187500
1789.797686	0.708392	-65.039062	192.187500
1789.799689	1.010718	-65.039062	192.187500
1789.801687	1.239534	-65.039062	192.187500
1789.803687	1.256598	-65.039062	192.187500
1789.805688	1.253564	13.789206	0.070808
1790.847796	0.488710	-123.730469	-231.542969
1790.849797	0.798829	-123.730469	-231.542969
1790.851799	1.097023	-123.730469	-231.542969
1790.853798	1.257153	-123.730469	-231.542969
1790.855800	1.255919	13.815110	0.056380
1791.875798	0.594015	-69.921875	192.968750
1791.877800	0.901195	-69.921875	192.968750
1791.879801	1.182604	-69.921875	192.968750
1791.881802	1.259700	-69.921875	192.968750
1791.883799	1.255901	13.814915	0.258921
1792.929815	0.583678	-122.753906	-231.347656
1792.931817	0.891323	-122.753906	-231.347656
1792.933818	1.175313	-122.753906	-231.347656
1792.935817	1.179970	-122.753906	-231.347656
1792.937817	1.255258	13.807843	0.192269
1793.956414	0.549325	-68.945312	192.089844
1793.958416	0.858144	-68.945312	192.089844
1793.960417	1.149635	-68.945312	192.089844
1793.962414	1.259074	-68.945312	192.089844
1793.964415	1.255206	13.807267	0.065490
1795.006448	0.537369	-122.265625	-230.957031
1795.008452	0.846198	-122.265625	-230.957031
1795.010457	1.139999	-122.265625	-230.957031
1795.012453	1.259545	-122.265625	-230.957031
1795.014454	1.256125	13.817379	0.055454
1796.036513	0.385133	-69.531250	191.308594
1796.038515	0.698628	-69.531250	191.308594
1796.040515	1.001237	-69.531250	191.308594
1796.042516	1.236267	-69.531250	191.308594
1796.044515	1.256697	-69.531250	191.308594
1796.046516	1.253681	13.790490	0.064266
1797.082560	0.389954	-123.242187	-230.273437
1797.084561	0.703195	-123.242187	-230.273437
1797.086561	1.005662	-123.242187	-230.273437
1797.088562	1.238001	-123.242187	-230.273437
1797.090568	1.257012	-123.242187	-230.273437
1797.092574	1.253985	13.793832	0.064721
1798.117163	0.448152	-84.570312	190.527344
1798.119164	0.759327	-84.570312	190.527344
1798.121164	1.059303	-84.570312	190.527344
1798.123163	1.252487	-84.570312	190.527344
1798.127163	1.253412	-84.570312	190.527344
1798.129164	1.251801	13.769815	0.065918
1799.165227	0.784237	-122.460937	-228.710937
1799.167247	1.083092	-122.460937	-228.710937
1799.169248	1.256325	-122.460937	-228.710937
1799.171250	1.256213	-122.460937	-228.710937
1799.173248	1.253500	13.788506	0.057545
1800.199825	0.583538	-90.527344	189.257812
1800.201826	0.891296	-90.527344	189.257812
1800.203828	1.175259	-90.527344	189.257812
1800.205826	1.258699	-90.527344	189.257812
1800.207827	1.254927	13.804193	0.067831
1801.240816	0.517579	-120.996094	-226.757812
1801.242817	0.826991	-120.996094	-226.757812
1801.244816	1.122860	-120.996094	-226.757812
1801.246817	1.259081	-120.996094	-226.757812
1801.248820	1.256353	13.819878	0.065245
1802.278879	0.516995	-91.406250	187.402344
1802.280883	0.826438	-91.406250	187.402344
1802.282882	1.122241	-91.406250	187.402344
1802.284884	1.258418	-91.406250	187.402344
1802.286881	1.255465	13.810111	0.060463
1803.317470	0.374791	-120.605469	-223.828125
1803.319472	0.688673	-120.605469	-223.828125
1803.321472	0.991681	-120.605469	-223.828125
1803.323470	1.232461	-120.605469	-223.828125
1803.325471	1.256802	-120.605469	-223.828125
1803.327471	1.253691	13.790606	0.065958
1804.361474	0.622840	-97.558594	185.253906
1804.363476	0.928691	-97.558594	185.253906
1804.365477	1.200250	-97.558594	185.253906
1804.367476	1.257612	-97.558594	185.253906
1804.369483	1.253969	13.793664	0.055294
1805.398083	0.711841	-120.800781	-221.484375
1805.400085	1.013816	-120.800781	-221.484375
1805.402085	1.240379	-120.800781	-221.484375
1805.404084	1.256086	-120.800781	-221.484375
1805.406085	1.253178	13.784961	0.065371
1806.442081	0.616736	-102.343750	182.714844
1806.444082	0.922986	-102.343750	182.714844
1806.446083	1.196511	-102.343750	182.714844
1806.448083	1.257580	-102.343750	182.714844
1806.450084	1.253962	13.793584	0.058563
1807.476023	0.327147	-123.632812	-219.335937
1807.478023	0.643321	-123.632812	-219.335937
1807.482022	1.211645	-123.632812	-219.335937
1807.488022	1.252302	-123.632812	-219.335937
1807.490023	1.251017	13.761192	0.067523
1808.520093	0.527011	-101.464844	180.761719
1808.522094	0.836173	-101.464844	180.761719
1808.524096	1.130969	-101.464844	180.761719
1808.526097	1.258952	-101.464844	180.761719
1808.528095	1.255738	13.813116	0.058599
1809.558648	0.836544	-123.437500	-216.796875
1809.560649	1.131332	-123.437500	-216.796875
1809.562649	1.258743	-123.437500	-216.796875
1809.564649	1.255551	13.811060	0.062209
1810.599227	0.549792	-95.507812	178.320312
1810.601229	0.858433	-95.507812	178.320312
1810.603228	1.149695	-95.507812	178.320312
1810.605228	1.259037	-95.507812	178.320312
1810.607228	1.255367	13.809039	0.049362
1811.637261	0.664156	-123.730469	-213.378906
1811.639262	0.968164	-123.730469	-213.378906
1811.641260	1.221947	-123.730469	-213.378906
1811.643261	1.257172	-123.730469	-213.378906
1811.645263	1.253805	13.791856	0.064825
1812.679834	0.426548	-86.816406	177.441406
1812.681835	0.738531	-86.816406	177.441406
1812.683834	1.039320	-86.816406	177.441406
1812.685841	1.248269	-86.816406	177.441406
1812.687848	1.256607	-86.816406	177.441406
1812.689847	1.253653	13.790181	0.076010
1813.717900	0.484217	-124.023437	-211.132812
1813.719901	0.794416	-124.023437	-211.132812
1813.721903	1.092790	-124.023437	-211.132812
1813.723902	1.256332	-124.023437	-211.132812
1813.725901	1.255383	13.809217	0.065998
1814.753949	0.319901	-95.800781	176.171875
1814.755952	0.636690	-95.800781	176.171875
1814.757954	0.942536	-95.800781	176.171875
1814.759952	1.208377	-95.800781	176.171875
1814.761954	1.257507	-95.800781	176.171875
1814.763952	1.253916	13.793079	0.066654
1815.800040	0.774536	-123.535156	-209.277344
1815.802041	1.073847	-123.535156	-209.277344
1815.804042	1.254630	-123.535156	-209.277344
1815.806041	1.255874	-123.535156	-209.277344
1815.810039	1.251571	13.767281	0.060146
1816.834031	0.535311	-83.496094	175.683594
1816.838037	1.138947	-83.496094	175.683594
1816.840039	1.258395	-83.496094	175.683594
1816.842041	1.254913	13.804041	0.056258
1817.882083	0.908707	-124.414062	-207.812500
1817.884085	1.187304	-124.414062	-207.812500
1817.886087	1.258193	-124.414062	-207.812500
1817.890085	1.252481	13.777286	0.277771
1818.914079	0.858860	-79.882812	174.414062
1818.916082	1.150123	-79.882812	174.414062
1818.918083	1.259380	-79.882812	174.414062
1818.920082	1.255651	13.812159	0.061989
1819.958119	0.290224	-125.195312	-206.835937
1819.960124	0.608501	-125.195312	-206.835937
1819.962122	0.915046	-125.195312	-206.835937
1819.964124	1.191588	-125.195312	-206.835937
1819.966124	1.258144	-125.195312	-206.835937
1819.968125	1.254386	13.798245	0.062762
1820.988183	0.341283	-79.492187	173.828125
1820.990186	0.656715	-79.492187	173.828125
1820.992184	0.961130	-79.492187	173.828125
1820.994185	1.218340	-79.492187	173.828125
1820.998182	1.253794	-79.492187	173.828125
1821.002185	1.250614	13.756752	0.065872
1822.040233	0.565629	-125.390625	-205.859375
1822.042236	0.874051	-125.390625	-205.859375
1822.044236	1.162328	-125.390625	-205.859375
1822.046237	1.259540	-125.390625	-205.859375
1822.050235	1.253417	13.787583	0.123234
1823.070343	0.642321	-94.726562	174.218750
1823.072344	0.947336	-94.726562	174.218750
1823.074345	1.211047	-94.726562	174.218750
1823.076346	1.257422	-94.726562	174.218750
1823.078350	1.253927	13.793202	0.065354
1824.120398	0.653278	-126.660156	-206.054687
1824.122401	0.957850	-126.660156	-206.054687
1824.124400	1.216363	-126.660156	-206.054687
1824.126400	1.256712	-126.660156	-206.054687
1824.128400	1.253277	13.786051	0.062360
1825.146456	0.245567	-73.535156	173.535156
1825.148458	0.566662	-73.535156	173.535156
1825.150458	0.875473	-73.535156	173.535156
1825.152460	1.163465	-73.535156	173.535156
1825.154461	1.259350	-73.535156	173.535156
1825.156460	1.255731	13.813036	0.069181
1826.200479	0.646408	-125.488281	-205.664062
1826.202481	0.951261	-125.488281	-205.664062
1826.204481	1.213142	-125.488281	-205.664062
1826.206481	1.257259	-125.488281	-205.664062
1826.208480	1.253883	13.792714	0.055687
1827.226539	0.366194	-73.730469	173.730469
1827.228540	0.680129	-73.730469	173.730469
1827.230542	0.983573	-73.730469	173.730469
1827.232540	1.228912	-73.730469	173.730469
1827.234540	1.256660	-73.730469	173.730469
1827.236541	1.253525	13.788780	0.065258
1828.278545	0.602096	-125.781250	-205.664062
1828.280545	0.908854	-125.781250	-205.664062
1828.282545	1.187391	-125.781250	-205.664062
1828.284545	1.258134	-125.781250	-205.664062
1828.286544	1.254282	13.797102	0.293009
1829.308595	0.427342	-73.046875	173.437500
1829.310595	0.739172	-73.046875	173.437500
1829.312596	1.040027	-73.046875	173.437500
1829.314601	1.248159	-73.046875	173.437500
1829.316599	1.256220	-73.046875	173.437500
1829.318600	1.253329	13.786618	0.059283
1830.356710	0.394256	-125.097656	-206.542969
1830.360710	1.009574	-125.097656	-206.542969
1830.362712	1.238961	-125.097656	-206.542969
1830.364712	1.256237	-125.097656	-206.542969
1830.366712	1.253291	13.786201	0.059100
1831.386748	0.357829	-75.878906	173.632812
1831.388749	0.672651	-75.878906	173.632812
1831.390747	0.976408	-75.878906	173.632812
1831.392749	1.225605	-75.878906	173.632812
1831.394753	1.256491	-75.878906	173.632812
1831.396747	1.253280	13.786077	0.065044
1832.434774	0.287572	-124.609375	-207.226562
1832.436777	0.606002	-124.609375	-207.226562
1832.438778	0.912604	-124.609375	-207.226562
1832.440778	0.927471	-124.609375	-207.226562
1832.442776	1.193765	-124.609375	-207.226562
1832.446777	1.252725	13.779981	0.056013
1833.468870	0.492316	-74.804687	174.023437
1833.470870	0.802086	-74.804687	174.023437
1833.472872	1.100113	-74.804687	174.023437
1833.474870	1.258110	-74.804687	174.023437
1833.476870	1.256825	13.825080	0.059833
1834.515003	0.750118	-123.632812	-208.300781
1834.517005	1.050376	-123.632812	-208.300781
1834.519005	1.250398	-123.632812	-208.300781
1834.521004	1.255980	-123.632812	-208.300781
1834.523005	1.255853	13.814384	0.062563
1835.547033	0.383934	-85.839844	174.707031
1835.549034	0.697339	-85.839844	174.707031
1835.551033	0.999968	-85.839844	174.707031
1835.553034	1.235416	-85.839844	174.707031
1835.555034	1.256290	-85.839844	174.707031
1835.557036	1.253382	13.787203	0.065290
1836.589114	0.430018	-123.828125	-209.960937
1836.591115	0.741623	-123.828125	-209.960937
1836.593114	1.042425	-123.828125	-209.960937
1836.595114	1.248579	-123.828125	-209.960937
1836.597115	1.255893	-123.828125	-209.960937
1836.599114	1.253024	13.783258	0.063490
1837.633122	0.813796	-91.894531	175.976562
1837.635124	1.110843	-91.894531	175.976562
1837.637126	1.258879	-91.894531	175.976562
1837.639124	1.256710	13.823813	0.058940
1838.669730	0.384378	-121.777344	-211.425781
1838.671732	0.697656	-121.777344	-211.425781
1838.675736	1.236066	-121.777344	-211.425781
1838.677731	1.257084	-121.777344	-211.425781
1838.679732	1.253896	13.792857	0.064166
1839.713820	0.725115	-89.550781	177.246094
1839.715823	1.026503	-89.550781	177.246094
1839.717823	1.244309	-89.550781	177.246094
1839.719823	1.256035	-89.550781	177.246094
1839.721822	1.253130	13.784429	0.057517
1840.748400	0.639584	-122.753906	-214.160156
1840.750402	0.944705	-122.753906	-214.160156
1840.752402	1.209459	-122.753906	-214.160156
1840.754402	1.256999	-122.753906	-214.160156
1840.756402	1.253464	13.788107	0.064904
1841.788960	1.055973	-95.117187	179.003906
1841.790963	0.796027	-95.117187	179.003906
1841.792962	1.094381	-95.117187	179.003906
1841.794963	1.256288	-95.117187	179.003906
1841.796964	1.255140	13.806540	0.058088
1842.827015	0.482349	-121.191406	-216.308594
1842.829017	0.792538	-121.191406	-216.308594
1842.831021	1.091087	-121.191406	-216.308594
1842.833018	1.256506	-121.191406	-216.308594
1842.835017	1.255816	13.813976	0.065278
1843.871096	0.737266	-88.574219	180.664062
1843.873098	1.038256	-88.574219	180.664062
1843.875099	1.247401	-88.574219	180.664062
1843.877098	1.255714	-88.574219	180.664062
1843.879100	1.252916	13.782072	0.056564
1844.907713	0.570611	-122.167969	-219.335937
1844.909716	0.878749	-122.167969	-219.335937
1844.911715	1.165951	-122.167969	-219.335937
1844.913717	1.171809	-122.167969	-219.335937
1844.915716	1.256079	13.816874	0.136727
1845.947790	0.421651	-73.046875	182.031250
1845.949792	0.733776	-73.046875	182.031250
1845.951791	1.034861	-73.046875	182.031250
1845.953791	1.247228	-73.046875	182.031250
1845.955791	1.256773	-73.046875	182.031250
1845.957793	1.253807	13.791872	0.056741
1846.985754	0.404426	-121.289062	-221.679687
1846.987754	0.716998	-121.289062	-221.679687
1846.989755	1.018712	-121.289062	-221.679687
1846.991754	1.241893	-121.289062	-221.679687
1846.993753	1.255827	-121.289062	-221.679687
1846.995753	1.252833	13.781157	0.064480
1848.027814	0.707081	-75.976562	184.082031
1848.029817	1.009197	-75.976562	184.082031
1848.031816	1.239178	-75.976562	184.082031
1848.033818	1.256750	-75.976562	184.082031
1848.035820	1.253684	13.790525	0.061729
1849.065931	0.329191	-120.800781	-224.316406
1849.067933	0.645419	-120.800781	-224.316406
1849.069931	0.950241	-120.800781	-224.316406
1849.071931	1.212500	-120.800781	-224.316406
1849.073932	1.257177	-120.800781	-224.316406
1849.077930	1.251783	13.769610	0.060426
1850.104004	0.492000	-71.289062	185.937500
1850.106005	0.801816	-71.289062	185.937500
1850.108006	1.099740	-71.289062	185.937500
1850.110005	1.107212	-71.289062	185.937500
1850.112007	1.255190	13.807090	0.060316
1851.146104	0.498770	-120.996094	-226.171875
1851.148107	0.808411	-120.996094	-226.171875
1851.150108	1.105995	-120.996094	-226.171875
1851.152107	1.112735	-120.996094	-226.171875
1851.154106	1.255974	13.815712	0.064223
1852.183070	0.279832	-76.953125	187.695312
1852.185070	0.598891	-76.953125	187.695312
1852.187070	0.905616	-76.953125	187.695312
1852.189071	1.185116	-76.953125	187.695312
1852.191070	1.257820	-76.953125	187.695312
1852.193071	1.254042	13.794461	0.060132
1853.229060	0.857249	-119.531250	-227.929687
1853.231064	1.148861	-119.531250	-227.929687
1853.233064	1.259532	-119.531250	-227.929687
1853.235061	1.255887	13.814756	0.059875
1854.261095	0.478502	-58.789062	188.476562
1854.263096	0.788781	-58.789062	188.476562
1854.265103	0.809637	-58.789062	188.476562
1854.267107	1.256457	-58.789062	188.476562
1854.269107	1.255996	13.815952	0.060920
1855.307229	0.535081	-119.433594	-229.394531
1855.309230	0.843819	-119.433594	-229.394531
1855.311230	1.137491	-119.433594	-229.394531
1855.313229	1.258193	-119.433594	-229.394531
1855.315230	1.254744	13.802179	0.055306
1856.339321	0.559642	-57.519531	188.671875
1856.341323	0.868219	-57.519531	188.671875
1856.343323	1.157723	-57.519531	188.671875
1856.345323	1.259619	-57.519531	188.671875
1856.347322	1.255909	13.814995	0.082285
1857.389436	0.799292	-119.628906	-230.273437
1857.391437	1.097465	-119.628906	-230.273437
1857.393438	1.257790	-119.628906	-230.273437
1857.395438	1.256751	13.824265	0.055371
1858.417467	0.306141	-52.929687	189.160156
1858.419469	0.623541	-52.929687	189.160156
1858.421469	0.929451	-52.929687	189.160156
1858.423470	1.200688	-52.929687	189.160156
1858.427469	1.254332	-52.929687	189.160156
1858.429469	1.252351	13.775859	0.062761
1859.467459	0.712025	-121.875000	-231.250000
1859.469460	1.014020	-121.875000	-231.250000
1859.471461	1.240561	-121.875000	-231.250000
1859.473462	1.256262	-121.875000	-231.250000
1859.475461	1.253231	13.785536	0.054981
1860.497557	0.584860	-53.417969	189.746094
1860.501556	1.175847	-53.417969	189.746094
1860.505557	1.254620	-53.417969	189.746094
1860.507559	1.252511	13.777622	0.207013
1861.547649	0.580786	-119.824219	-230.859375
1861.549649	0.888485	-119.824219	-230.859375
1861.551649	1.173228	-119.824219	-230.859375
1861.553648	1.259245	-119.824219	-230.859375
1861.555649	1.255478	13.810253	0.183558
1862.575682	0.550362	-46.582031	189.941406
1862.577684	0.859080	-46.582031	189.941406
1862.579683	1.150309	-46.582031	189.941406
1862.581685	1.258941	-46.582031	189.941406
1862.583684	1.255362	13.808977	0.060950
1863.625797	0.490186	-119.726562	-230.859375
1863.627800	0.800012	-119.726562	-230.859375
1863.629799	1.098166	-119.726562	-230.859375
1863.631799	1.256868	-119.726562	-230.859375
1863.633801	1.255537	13.810908	0.054975
1864.655841	0.436083	-51.562500	189.648437
1864.657843	0.747803	-51.562500	189.648437
1864.659842	1.048170	-51.562500	189.648437
1864.661844	1.249776	-51.562500	189.648437
1864.663844	1.255735	-51.562500	189.648437
1864.665843	1.252968	13.782647	0.063051
1865.703915	0.292230	-118.945312	-230.273437
1865.705915	0.610384	-118.945312	-230.273437
1865.707916	0.916838	-118.945312	-230.273437
1865.709914	1.192704	-118.945312	-230.273437
1865.711916	1.258115	-118.945312	-230.273437
1865.713914	1.257964	13.837603	0.058456
1866.733979	0.383743	-49.218750	189.160156
1866.735981	0.697067	-49.218750	189.160156
1866.737981	0.999670	-49.218750	189.160156
1866.739982	1.235578	-49.218750	189.160156
1866.743978	1.253440	-49.218750	189.160156
1866.745980	1.251730	13.769035	0.066299
1867.784052	0.678687	-118.945312	-229.785156
1867.786049	0.982051	-118.945312	-229.785156
1867.788051	1.228374	-118.945312	-229.785156
1867.790051	1.256683	-118.945312	-229.785156
1867.792052	1.253346	13.786804	0.055882
1868.816103	0.436390	-55.566406	188.476562
1868.818102	0.747918	-55.566406	188.476562
1868.820103	1.048251	-55.566406	188.476562
1868.822103	1.249729	-55.566406	188.476562
1868.824103	1.255505	-55.566406	188.476562
1868.826103	1.252783	13.780618	0.058776
1869.864156	0.946824	-121.093750	-229.394531
1869.866156	1.210590	-121.093750	-229.394531
1869.868161	1.257091	-121.093750	-229.394531
1869.870160	1.253692	13.790615	0.486249
1870.896187	0.609231	-62.792969	187.402344
1870.898187	0.915553	-62.792969	187.402344
1870.900189	1.191748	-62.792969	187.402344
1870.902186	1.257614	-62.792969	187.402344
1870.904187	1.253840	13.792245	0.061480
1871.942221	0.847819	-119.042969	-227.636719
1871.944223	1.140896	-119.042969	-227.636719
1871.946222	1.259177	-119.042969	-227.636719
1871.948221	1.255872	13.814596	0.060338
1872.976297	0.507861	-63.378906	186.425781
1872.978297	0.817244	-63.378906	186.425781
1872.980298	1.113895	-63.378906	186.425781
1872.982298	1.257893	-63.378906	186.425781
1872.984298	1.255334	13.808676	0.058126
1874.018324	0.625018	-119.726562	-226.464844
1874.020325	0.930716	-119.726562	-226.464844
1874.022327	1.201104	-119.726562	-226.464844
1874.024327	1.257099	-119.726562	-226.464844
1874.026325	1.253476	13.788239	0.400996
1875.054311	0.477582	-49.609375	185.449219
1875.060312	1.256104	-49.609375	185.449219
1875.062314	1.255697	-49.609375	185.449219
1875.064314	1.255556	13.811113	0.058919
1876.098361	0.670595	-120.507812	-223.730469
1876.100364	0.974332	-120.507812	-223.730469
1876.102361	1.224361	-120.507812	-223.730469
1876.104361	1.256150	-120.507812	-223.730469
1876.106362	1.253008	13.783091	0.074883
1877.136955	0.432059	-63.769531	183.398437
1877.138956	0.743706	-63.769531	183.398437
1877.140957	1.044328	-63.769531	183.398437
1877.142957	1.248953	-63.769531	183.398437
1877.144958	1.255777	-63.769531	183.398437
1877.146957	1.253064	13.783702	0.059125
1878.170938	0.349877	-119.042969	-221.191406
1878.174939	0.968660	-119.042969	-221.191406
1878.176941	1.221956	-119.042969	-221.191406
1878.178940	1.256776	-119.042969	-221.191406
1878.180941	1.253401	13.787406	0.072421
1879.218937	0.760406	-61.132812	181.347656
1879.220938	1.060299	-61.132812	181.347656
1879.222941	1.252500	-61.132812	181.347656
1879.224943	1.255913	-61.132812	181.347656
1879.226942	1.253209	13.785297	0.051269
1880.256919	0.879199	-120.019531	-218.847656
1880.258922	1.166510	-120.019531	-218.847656
1880.260922	1.261033	-120.019531	-218.847656
1880.262922	1.257314	13.830459	0.145608
1881.295446	0.454639	-87.304687	180.468750
1881.297449	0.765674	-87.304687	180.468750
1881.299447	1.065263	-87.304687	180.468750
1881.301447	1.252950	-87.304687	180.468750
1881.303447	1.255416	-87.304687	180.468750
1881.305447	1.252706	13.779766	0.058750
1882.331452	0.511554	-120.605469	-216.992187
1882.335452	1.117319	-120.605469	-216.992187
1882.337452	1.257215	-120.605469	-216.992187
1882.339453	1.254410	13.798511	0.063545
1883.375483	0.875709	-73.242187	178.125000
1883.377485	1.163571	-73.242187	178.125000
1883.379485	1.259387	-73.242187	178.125000
1883.381487	1.255675	13.812425	0.120622
1884.412036	0.381245	-119.531250	-214.257812
1884.414038	0.694635	-119.531250	-214.257812
1884.416039	0.997324	-119.531250	-214.257812
1884.418038	1.234719	-119.531250	-214.257812
1884.420038	1.256700	-119.531250	-214.257812
1884.422039	1.253513	13.788639	0.064676
1885.454032	0.675246	-83.007812	177.148437
1885.456033	0.978747	-83.007812	177.148437
1885.458034	1.226671	-83.007812	177.148437
1885.460032	1.256616	-83.007812	177.148437
1885.462034	1.253366	13.787025	0.058900
1886.494611	1.087373	-121.484375	-212.500000
1886.496611	1.256150	-121.484375	-212.500000
1886.498609	1.255781	-121.484375	-212.500000
1886.500610	1.253128	13.784411	0.062234
1887.531632	0.356196	-68.652344	175.878906
1887.535634	0.974487	-68.652344	175.878906
1887.537636	1.224878	-68.652344	175.878906
1887.541633	1.253554	-68.652344	175.878906
1887.543634	1.251794	13.769735	0.055297
1888.569668	0.285568	-120.410156	-210.253906
1888.571668	0.604196	-120.410156	-210.253906
1888.573671	0.910801	-120.410156	-210.253906
1888.575677	1.188797	-120.410156	-210.253906
1888.577684	1.257670	-120.410156	-210.253906
1888.579684	1.253914	13.793052	0.061741
1889.609720	0.520027	-77.246094	175.000000
1889.611721	0.829232	-77.246094	175.000000
1889.613721	1.124697	-77.246094	175.000000
1889.615721	1.258391	-77.246094	175.000000
1889.617721	1.255374	13.809118	0.055066
1890.650277	0.301605	-120.214844	-208.886719
1890.652278	0.619243	-120.214844	-208.886719
1890.654277	0.925127	-120.214844	-208.886719
1890.658275	1.257779	-120.214844	-208.886719
1890.660278	1.254172	-120.214844	-208.886719
1890.662278	1.252180	13.773980	0.055733
1891.686315	0.387369	-68.750000	174.707031
1891.688317	0.700663	-68.750000	174.707031
1891.692314	1.236944	-68.750000	174.707031
1891.694316	1.256858	-68.750000	174.707031
1891.696316	1.253649	13.790136	0.056019
1892.732383	0.516636	-122.167969	-208.105469
1892.734384	0.825946	-122.167969	-208.105469
1892.736384	1.121753	-122.167969	-208.105469
1892.738384	1.257763	-122.167969	-208.105469
1892.740382	1.254796	13.802756	0.054274
1893.767288	0.460326	-79.492187	174.218750
1893.769289	0.771067	-79.492187	174.218750
1893.771289	1.070398	-79.492187	174.218750
1893.773288	1.254530	-79.492187	174.218750
1893.775289	1.255092	-79.492187	174.218750
1893.777291	1.253617	13.789790	0.057176
1894.811354	0.595673	-121.191406	-207.031250
1894.813356	0.902748	-121.191406	-207.031250
1894.815356	1.183384	-121.191406	-207.031250
1894.817357	1.258945	-121.191406	-207.031250
1894.819356	1.255107	13.806176	0.064128
1895.843432	0.397045	-66.503906	173.339844
1895.845435	0.709759	-66.503906	173.339844
1895.847433	1.011837	-66.503906	173.339844
1895.849434	1.239587	-66.503906	173.339844
1895.851433	1.256007	-66.503906	173.339844
1895.853434	1.253010	13.783108	0.057586
1896.891492	0.457658	-123.730469	-207.421875
1896.893492	0.768333	-123.730469	-207.421875
1896.895493	1.067872	-123.730469	-207.421875
1896.897495	1.253790	-123.730469	-207.421875
1896.899496	1.256007	-123.730469	-207.421875
1896.901494	1.253196	13.785154	0.056030
1897.927558	0.662830	-75.292969	173.144531
1897.929560	0.966872	-75.292969	173.144531
1897.931560	1.221201	-75.292969	173.144531
1897.933560	1.257341	-75.292969	173.144531
1897.935560	1.253906	13.792972	0.062135
1898.970082	0.557109	-121.972656	-207.617187
1898.972084	0.865484	-121.972656	-207.617187
1898.974085	1.155449	-121.972656	-207.617187
1898.976085	1.259305	-121.972656	-207.617187
1898.978082	1.255505	13.810555	0.057070
1900.002123	0.350841	-62.207031	173.144531
1900.004125	0.665791	-62.207031	173.144531
1900.006125	0.969751	-62.207031	173.144531
1900.008125	1.222479	-62.207031	173.144531
1900.010125	1.256819	-62.207031	173.144531
1900.012126	1.253459	13.788045	0.060179
1901.048239	0.408000	-120.898437	-207.128906
1901.050242	0.720293	-120.898437	-207.128906
1901.052242	0.732361	-120.898437	-207.128906
1901.054241	1.243003	-120.898437	-207.128906
1901.056242	1.256156	-120.898437	-207.128906
1901.058240	1.253166	13.784827	0.061619
1902.080292	0.322951	-63.964844	173.632812
1902.082294	0.639333	-63.964844	173.632812
1902.084295	0.944498	-63.964844	173.632812
1902.086294	1.209301	-63.964844	173.632812
1902.088293	1.257196	-63.964844	173.632812
1902.090294	1.253775	13.791528	0.064218
1903.128369	0.428818	-120.800781	-208.007812
1903.130371	0.740591	-120.800781	-208.007812
1903.132372	1.041177	-120.800781	-208.007812
1903.134371	1.248716	-120.800781	-208.007812
1903.136372	1.256768	-120.800781	-208.007812
1903.138371	1.253775	13.791528	0.052048
1904.160453	0.391686	-67.773437	173.828125
1904.162454	0.704958	-67.773437	173.828125
1904.164455	1.007222	-67.773437	173.828125
1904.166454	1.238150	-67.773437	173.828125
1904.168455	1.256240	-67.773437	173.828125
1904.170457	1.253319	13.786512	0.058705
1905.206458	0.570749	-121.093750	-209.375000
1905.208460	0.878786	-121.093750	-209.375000
1905.210460	1.165743	-121.093750	-209.375000
1905.214459	1.254790	-121.093750	-209.375000
1905.216459	1.252622	13.778846	0.061243
1906.244460	0.757972	-73.046875	173.925781
1906.246461	1.057856	-73.046875	173.925781
1906.250460	1.255589	-73.046875	173.925781
1906.252461	1.255456	-73.046875	173.925781
1906.254462	1.251295	13.764240	0.060413
1907.285066	0.474374	-120.507812	-210.546875
1907.287068	0.784553	-120.507812	-210.546875
1907.289084	1.083281	-120.507812	-210.546875
1907.291087	1.255593	-120.507812	-210.546875
1907.293090	1.255188	-120.507812	-210.546875
1907.295086	1.252670	13.779367	0.058673
1908.323114	0.489001	-73.046875	174.707031
1908.325116	0.798756	-73.046875	174.707031
1908.327117	1.096844	-73.046875	174.707031
1908.329118	1.257186	-73.046875	174.707031
1908.331121	1.256021	13.816236	0.056668
