crossing time (s)	slope (V/s)	crossing number
281474976710655.000000	3.487899	1002	1048146432.000000
281474976710655.000000	3.516855	1003	1049182336.000000
281474976710655.000000	3.554205	1004	1050220800.000000
281474976710655.000000	3.486418	1005	1051257856.000000
281474976710655.000000	3.519535	1006	1052296768.000000
281474976710655.000000	3.449757	1007	1053333888.000000
281474976710655.000000	3.453110	1008	1054373568.000000
281474976710655.000000	3.457947	1009	1055409472.000000
281474976710655.000000	3.417024	1010	1056450752.000000
281474976710655.000000	3.446600	1011	1057484480.000000
281474976710655.000000	3.434702	1012	1058528128.000000
281474976710655.000000	3.461454	1013	1059559616.000000
281474976710655.000000	3.429423	1014	1060608320.000000
281474976710655.000000	3.411777	1015	1061628672.000000
281474976710655.000000	3.453552	1016	1062692032.000000
281474976710655.000000	3.473957	1017	1063695552.000000
281474976710655.000000	3.378516	1018	1064777920.000000
281474976710655.000000	3.423999	1019	1065762368.000000
281474976710655.000000	3.376660	1020	1066860544.000000
281474976710655.000000	3.466503	1021	1067835904.000000
281474976710655.000000	3.427653	1022	1068935552.000000
281474976710655.000000	3.354748	1023	1069915968.000000
281474976710655.000000	3.446588	1024	1071001344.000000
281474976710655.000000	3.364016	1025	1072005888.000000
281474976710655.000000	3.476772	1026	1073064576.000000
281474976710655.000000	3.390443	1027	1074091392.000000
281474976710655.000000	3.409800	1028	1075134848.000000
281474976710655.000000	3.420444	1029	1076167424.000000
281474976710655.000000	3.361208	1030	1077216640.000000
281474976710655.000000	3.426402	1031	1078233344.000000
281474976710655.000000	3.344336	1032	1079305600.000000
281474976710655.000000	3.404297	1033	1080299008.000000
281474976710655.000000	3.321876	1034	1081391616.000000
281474976710655.000000	3.340069	1035	1082368000.000000
281474976710655.000000	3.344153	1036	1083469568.000000
281474976710655.000000	3.336810	1037	1084443392.000000
281474976710655.000000	3.354674	1038	1085543552.000000
281474976710655.000000	3.337460	1039	1086523264.000000
281474976710655.000000	3.391818	1040	1087614336.000000
281474976710655.000000	3.350641	1041	1088603392.000000
281474976710655.000000	3.368801	1042	1089687040.000000
281474976710655.000000	3.355210	1043	1090683136.000000
281474976710655.000000	3.377832	1044	1091760512.000000
281474976710655.000000	3.319816	1045	1092762368.000000
281474976710655.000000	3.385376	1046	1093831808.000000
281474976710655.000000	3.343899	1047	1094839808.000000
281474976710655.000000	3.361407	1048	1095910272.000000
281474976710655.000000	3.355060	1049	1096914048.000000
281474976710655.000000	3.340418	1050	1097989376.000000
281474976710655.000000	3.331439	1051	1098983680.000000
281474976710655.000000	3.304037	1052	1100071936.000000
281474976710655.000000	3.314188	1053	1101056512.000000
281474976710655.000000	3.274853	1054	1102151424.000000
281474976710655.000000	3.256895	1055	1103126400.000000
281474976710655.000000	3.253372	1056	1104231296.000000
281474976710655.000000	3.233837	1057	1105202304.000000
281474976710655.000000	3.263322	1058	1106307072.000000
281474976710655.000000	3.226566	1059	1107280768.000000
281474976710655.000000	3.317985	1060	1108373760.000000
281474976710655.000000	3.228009	1061	1109368960.000000
281474976710655.000000	3.312137	1062	1110438272.000000
281474976710655.000000	3.243467	1063	1111455360.000000
281474976710655.000000	3.293594	1064	1112505728.000000
281474976710655.000000	3.228953	1065	1113537664.000000
281474976710655.000000	3.262387	1066	1114579584.000000
281474976710655.000000	3.274668	1067	1115611136.000000
281474976710655.000000	3.225875	1068	1116663168.000000
281474976710655.000000	3.280682	1069	1117678080.000000
281474976710655.000000	3.221880	1070	1118749184.000000
281474976710655.000000	3.251708	1071	1119743360.000000
281474976710655.000000	3.215140	1072	1120833408.000000
281474976710655.000000	3.205352	1073	1121812992.000000
281474976710655.000000	3.175685	1074	1122915968.000000
281474976710655.000000	3.175894	1075	1123884672.000000
281474976710655.000000	3.178270	1076	1124991360.000000
281474976710655.000000	3.162206	1077	1125964672.000000
281474976710655.000000	3.189205	1078	1127063936.000000
281474976710655.000000	3.176795	1079	1128043008.000000
281474976710655.000000	3.197861	1080	1129135616.000000
281474976710655.000000	3.178097	1081	1130122112.000000
281474976710655.000000	3.207004	1082	1131206272.000000
281474976710655.000000	3.174676	1083	1132203136.000000
281474976710655.000000	3.198972	1084	1133282688.000000
281474976710655.000000	3.178649	1085	1134279424.000000
281474976710655.000000	3.173762	1086	1135356160.000000
281474976710655.000000	3.179661	1087	1136354560.000000
281474976710655.000000	3.162355	1088	1137436672.000000
281474976710655.000000	3.165863	1089	1138428672.000000
281474976710655.000000	3.142361	1090	1139514624.000000
281474976710655.000000	3.144867	1091	1140499840.000000
281474976710655.000000	3.123069	1092	1141593856.000000
281474976710655.000000	3.121359	1093	1142573184.000000
281474976710655.000000	3.120464	1094	1143673984.000000
281474976710655.000000	3.086382	1095	1144647424.000000
281474976710655.000000	3.109573	1096	1145750784.000000
281474976710655.000000	3.081195	1097	1146722688.000000
281474976710655.000000	3.133169	1098	1147825664.000000
281474976710655.000000	3.082785	1099	1148801664.000000
281474976710655.000000	3.172871	1100	1149894400.000000
281474976710655.000000	3.088733	1101	1150885760.000000
281474976710655.000000	3.170404	1102	1151961600.000000
281474976710655.000000	3.092689	1103	1152970112.000000
281474976710655.000000	3.156008	1104	1154028928.000000
281474976710655.000000	3.093933	1105	1155053952.000000
281474976710655.000000	3.134597	1106	1156098432.000000
281474976710655.000000	3.101710	1107	1157131264.000000
281474976710655.000000	3.089542	1108	1158178560.000000
281474976710655.000000	3.096710	1109	1159204480.000000
281474976710655.000000	3.075353	1110	1160258688.000000
281474976710655.000000	3.099911	1111	1161271808.000000
281474976710655.000000	3.066573	1112	1162346496.000000
281474976710655.000000	3.101416	1113	1163339264.000000
281474976710655.000000	3.048825	1114	1164428800.000000
281474976710655.000000	3.057924	1115	1165408128.000000
281474976710655.000000	3.015035	1116	1166508800.000000
281474976710655.000000	3.021567	1117	1167481856.000000
281474976710655.000000	3.021133	1118	1168587136.000000
281474976710655.000000	3.018256	1119	1169556864.000000
281474976710655.000000	3.018043	1120	1170662528.000000
281474976710655.000000	3.004143	1121	1171633024.000000
281474976710655.000000	3.013986	1122	1172741120.000000
281474976710655.000000	3.005412	1123	1173708288.000000
281474976710655.000000	3.016993	1124	1174816768.000000
281474976710655.000000	2.996100	1125	1175784832.000000
281474976710655.000000	3.009758	1126	1176891008.000000
281474976710655.000000	2.996412	1127	1177857792.000000
281474976710655.000000	2.973836	1128	1178970112.000000
281474976710655.000000	2.968359	1129	1179935872.000000
281474976710655.000000	2.996716	1130	1181045376.000000
281474976710655.000000	2.954414	1131	1182012544.000000
281474976710655.000000	2.993800	1132	1183117184.000000
281474976710655.000000	2.972093	1133	1184090368.000000
281474976710655.000000	3.018034	1134	1185189376.000000
281474976710655.000000	2.971498	1135	1186174080.000000
281474976710655.000000	3.042298	1136	1187256576.000000
281474976710655.000000	2.949272	1137	1188258432.000000
281474976710655.000000	3.050797	1138	1189324544.000000
281474976710655.000000	2.957822	1139	1190342144.000000
281474976710655.000000	2.990702	1140	1191393920.000000
281474976710655.000000	2.983657	1141	1192420224.000000
281474976710655.000000	2.981001	1142	1193468800.000000
281474976710655.000000	2.987367	1143	1194495360.000000
281474976710655.000000	2.951827	1144	1195547264.000000
281474976710655.000000	3.001749	1145	1196569216.000000
281474976710655.000000	2.953375	1146	1197630080.000000
281474976710655.000000	2.987774	1147	1198635904.000000
281474976710655.000000	2.911980	1148	1199714688.000000
281474976710655.000000	2.961211	1149	1200704640.000000
281474976710655.000000	2.905476	1150	1201797248.000000
281474976710655.000000	2.891746	1151	1202772352.000000
281474976710655.000000	2.920752	1152	1203873408.000000
281474976710655.000000	2.863046	1153	1204851200.000000
281474976710655.000000	2.934239	1154	1205955200.000000
281474976710655.000000	2.873152	1155	1206924672.000000
281474976710655.000000	2.885204	1156	1208030976.000000
281474976710655.000000	2.873165	1157	1209000704.000000
281474976710655.000000	2.894014	1158	1210106368.000000
281474976710655.000000	2.875908	1159	1211076352.000000
281474976710655.000000	2.879787	1160	1212182656.000000
281474976710655.000000	2.881136	1161	1213152256.000000
281474976710655.000000	2.858912	1162	1214255232.000000
281474976710655.000000	2.877556	1163	1215227776.000000
281474976710655.000000	2.874925	1164	1216333696.000000
281474976710655.000000	2.872436	1165	1217303552.000000
281474976710655.000000	2.875103	1166	1218409856.000000
281474976710655.000000	2.870891	1167	1219380992.000000
281474976710655.000000	2.849810	1168	1220485376.000000
281474976710655.000000	2.857216	1169	1221457408.000000
281474976710655.000000	2.871576	1170	1222557824.000000
281474976710655.000000	2.851847	1171	1223535232.000000
281474976710655.000000	2.906760	1172	1224631040.000000
281474976710655.000000	2.845367	1173	1225616384.000000
281474976710655.000000	2.907251	1174	1226699520.000000
281474976710655.000000	2.861302	1175	1227699328.000000
281474976710655.000000	2.905982	1176	1228771072.000000
281474976710655.000000	2.852130	1177	1229783168.000000
281474976710655.000000	2.905437	1178	1230840192.000000
281474976710655.000000	2.838964	1179	1231866240.000000
281474976710655.000000	2.868256	1180	1232909056.000000
281474976710655.000000	2.845818	1181	1233945216.000000
281474976710655.000000	2.845188	1182	1234984320.000000
281474976710655.000000	2.840663	1183	1236021248.000000
281474976710655.000000	2.835479	1184	1237060992.000000
281474976710655.000000	2.848448	1185	1238093952.000000
281474976710655.000000	2.826095	1186	1239143808.000000
281474976710655.000000	2.844066	1187	1240162432.000000
281474976710655.000000	2.822387	1188	1241226368.000000
281474976710655.000000	2.848717	1189	1242232448.000000
281474976710655.000000	2.799550	1190	1243307904.000000
281474976710655.000000	2.817027	1191	1244303360.000000
281474976710655.000000	2.797840	1192	1245388032.000000
281474976710655.000000	2.780126	1193	1246373504.000000
281474976710655.000000	2.801411	1194	1247469184.000000
281474976710655.000000	2.775422	1195	1248449920.000000
281474976710655.000000	2.739486	1196	1249543040.000000
281474976710655.000000	2.754169	1197	1250524288.000000
281474976710655.000000	2.778000	1198	1251622912.000000
281474976710655.000000	2.729071	1199	1252600064.000000
281474976710655.000000	2.770691	1200	1253697536.000000
281474976710655.000000	2.749985	1201	1254675968.000000
281474976710655.000000	2.783428	1202	1255773056.000000
281474976710655.000000	2.739595	1203	1256753280.000000
281474976710655.000000	2.784994	1204	1257844864.000000
281474976710655.000000	2.734425	1205	1258834176.000000
281474976710655.000000	2.753665	1206	1259918592.000000
281474976710655.000000	2.705203	1207	1260913024.000000
281474976710655.000000	2.790767	1208	1261985920.000000
281474976710655.000000	2.779691	1209	1262996224.000000
281474976710655.000000	2.798976	1210	1264055552.000000
281474976710655.000000	2.722183	1211	1265079424.000000
281474976710655.000000	2.782555	1212	1266129536.000000
281474976710655.000000	2.741855	1213	1267160832.000000
281474976710655.000000	2.749551	1214	1268198528.000000
281474976710655.000000	2.757690	1215	1269239168.000000
281474976710655.000000	2.749657	1216	1270273792.000000
281474976710655.000000	2.740757	1217	1271314816.000000
281474976710655.000000	2.723418	1218	1272355456.000000
281474976710655.000000	2.753691	1219	1273384448.000000
281474976710655.000000	2.737454	1220	1274434048.000000
281474976710655.000000	2.756410	1221	1275456896.000000
281474976710655.000000	2.722152	1222	1276517248.000000
281474976710655.000000	2.744169	1223	1277525504.000000
281474976710655.000000	2.706214	1224	1278598784.000000
281474976710655.000000	2.721637	1225	1279594496.000000
281474976710655.000000	2.711606	1226	1280677760.000000
281474976710655.000000	2.708847	1227	1281668352.000000
281474976710655.000000	2.695745	1228	1282756992.000000
281474976710655.000000	2.696489	1229	1283741056.000000
281474976710655.000000	2.673438	1230	1284836736.000000
281474976710655.000000	2.675474	1231	1285815296.000000
281474976710655.000000	2.659063	1232	1286914048.000000
281474976710655.000000	2.669141	1233	1287888896.000000
281474976710655.000000	2.628491	1234	1288989568.000000
281474976710655.000000	2.676120	1235	1289964288.000000
281474976710655.000000	2.658503	1236	1291067520.000000
281474976710655.000000	2.642557	1237	1292039936.000000
281474976710655.000000	2.652261	1238	1293143808.000000
281474976710655.000000	2.632990	1239	1294116352.000000
281474976710655.000000	2.652314	1240	1295217536.000000
281474976710655.000000	2.633636	1241	1296195072.000000
281474976710655.000000	2.659438	1242	1297291392.000000
281474976710655.000000	2.625180	1243	1298274432.000000
281474976710655.000000	2.673626	1244	1299365632.000000
281474976710655.000000	2.642209	1245	1300352640.000000
281474976710655.000000	2.684681	1246	1301435136.000000
281474976710655.000000	2.635652	1247	1302434944.000000
281474976710655.000000	2.681556	1248	1303505024.000000
281474976710655.000000	2.631078	1249	1304518016.000000
281474976710655.000000	2.667198	1250	1305576064.000000
281474976710655.000000	2.597532	1251	1306598144.000000
281474976710655.000000	2.670640	1252	1307645568.000000
281474976710655.000000	2.627462	1253	1308679040.000000
281474976710655.000000	2.644911	1254	1309718784.000000
281474976710655.000000	2.626579	1255	1310755584.000000
281474976710655.000000	2.635634	1256	1311795456.000000
281474976710655.000000	2.618921	1257	1312831232.000000
281474976710655.000000	2.606387	1258	1313873664.000000
281474976710655.000000	2.617702	1259	1314905216.000000
281474976710655.000000	2.605905	1260	1315953408.000000
281474976710655.000000	2.617182	1261	1316974592.000000
281474976710655.000000	2.586319	1262	1318034560.000000
281474976710655.000000	2.608700	1263	1319045760.000000
281474976710655.000000	2.587110	1264	1320115840.000000
281474976710655.000000	2.617032	1265	1321117696.000000
281474976710655.000000	2.594232	1266	1322193408.000000
281474976710655.000000	2.581887	1267	1323190912.000000
281474976710655.000000	2.571392	1268	1324273536.000000
281474976710655.000000	2.562106	1269	1325264384.000000
281474976710655.000000	2.569299	1270	1326351744.000000
281474976710655.000000	2.575265	1271	1327338752.000000
281474976710655.000000	2.565541	1272	1328427008.000000
281474976710655.000000	2.554132	1273	1329418624.000000
281474976710655.000000	2.562224	1274	1330503296.000000
281474976710655.000000	2.547940	1275	1331494400.000000
281474976710655.000000	2.567768	1276	1332574208.000000
281474976710655.000000	2.540430	1277	1333572992.000000
281474976710655.000000	2.566479	1278	1334647424.000000
281474976710655.000000	2.533674	1279	1335653760.000000
281474976710655.000000	2.570154	1280	1336717696.000000
281474976710655.000000	2.537809	1281	1337733760.000000
281474976710655.000000	2.540297	1282	1338790144.000000
281474976710655.000000	2.530906	1283	1339816064.000000
281474976710655.000000	2.547964	1284	1340860800.000000
281474976710655.000000	2.539381	1285	1341893504.000000
281474976710655.000000	2.524698	1286	1342933888.000000
281474976710655.000000	2.526710	1287	1343974400.000000
281474976710655.000000	2.565256	1288	1345008768.000000
281474976710655.000000	2.521716	1289	1346049792.000000
