num crossings	time (s)	maj axis (mm)	min axis (mm)	theta (rad )	slope (V/s)
5107	6137.434969	40.764772	1.284556	1.513855	3.133262
5109	6139.509768	41.211321	0.347271	1.517105	3.419115
5111	6141.585538	40.545108	1.867912	1.556759	3.320043
5113	6143.660860	41.728088	3.061591	1.488462	3.177376
5115	6145.737272	41.036607	1.506876	1.517612	3.296749
5117	6147.814710	42.247065	2.165597	1.552394	3.450150
5119	6149.891772	41.692186	1.643223	1.546089	3.495918
5121	6151.969645	41.405166	3.942734	1.479614	3.230409
5123	6154.047181	41.985410	2.235265	1.552595	3.350919
5125	6156.124399	41.183388	1.572735	1.517386	3.436790
5127	6158.202313	42.219873	2.239031	1.552645	3.527523
5129	6160.282169	41.433894	1.432370	1.515316	3.404308
5131	6162.360695	41.225702	1.325245	1.516421	3.223094
5133	6164.441432	41.729101	0.920139	1.514484	3.292813
5135	6166.521279	41.670784	1.515292	1.518365	3.468806
5137	6168.602548	39.704228	5.706261	1.679595	3.435081
5139	6170.680357	45.535665	0.202384	1.531285	3.442631
5141	6172.757542	42.852906	2.587866	1.548254	3.533594
5143	6174.833416	42.714613	2.583685	1.553209	3.406085
5145	6176.908279	42.812235	2.464395	1.549111	3.331190
5147	6178.983229	41.080555	2.660583	1.582597	3.399914
5149	6181.058650	41.838406	1.381127	1.515257	3.622013
5151	6183.134076	41.960788	1.092670	1.512562	3.340222
5153	6185.209963	41.991672	1.488181	1.514280	3.528957
5155	6187.286446	41.879189	1.634016	1.515767	3.584044
5157	6189.363228	43.147503	2.298657	1.552546	3.372656
5159	6191.439904	43.139975	2.326879	1.553350	3.555520
5161	6193.517678	42.004642	1.628620	1.516661	3.582686
5163	6195.596439	42.841716	2.296385	1.556130	3.634891
5165	6197.673418	43.000395	2.399225	1.555113	3.537330
5167	6199.750611	42.931492	2.361553	1.556440	3.525394
5169	6201.831013	42.838304	2.297001	1.556793	3.497245
5171	6203.909434	42.954560	2.611769	1.556580	3.424905
5173	6205.990094	43.001022	2.762411	1.550207	3.467603
5175	6208.069527	43.368360	2.302474	1.547669	3.536095
5177	6210.148880	43.195305	2.326351	1.546572	3.621709
5179	6212.228324	43.465555	2.629811	1.543976	3.567868
5181	6214.304999	42.964793	1.577311	1.516305	3.444100
5183	6216.381221	43.348617	2.544184	1.548983	3.479891
5185	6218.457137	42.053331	1.345808	1.517024	3.470197
5187	6220.532442	42.570156	-0.070889	1.499785	3.511808
5189	6222.607815	42.880083	0.918570	1.514679	3.530936
5191	6224.683357	43.286044	2.509324	1.549457	3.679188
5193	6226.759173	43.202846	2.571690	1.550285	3.578343
5195	6228.835564	42.940158	2.119368	1.555154	3.539660
5197	6230.911999	42.876892	1.557883	1.516680	3.682996
5199	6232.989018	42.771253	1.624911	1.517664	3.729035
5201	6235.067487	43.502153	2.499409	1.553193	3.687290
5203	6237.145531	42.869940	1.595072	1.517190	3.733775
5205	6239.222965	43.597971	2.941035	1.551220	3.639333
5207	6241.301096	42.909626	1.712873	1.518094	3.442209
5209	6243.380938	43.441976	2.581633	1.549627	3.647438
5211	6245.459114	43.458199	2.684758	1.548746	3.742504
5213	6247.538913	43.118855	1.675380	1.519066	3.570850
5215	6249.618217	43.354454	1.636441	1.518912	3.408232
5217	6251.696411	43.510416	1.616547	1.519848	3.573899
5219	6253.774430	43.946712	2.815478	1.549851	3.667746
5221	6255.851309	44.109172	2.513901	1.552956	3.639113
5223	6257.927534	41.448769	6.504134	1.698047	3.622513
5225	6260.002374	43.022605	1.599162	1.520026	3.664508
5227	6262.077100	43.570745	1.769168	1.510308	3.587255
5229	6264.152606	43.391254	1.675388	1.518788	3.597872
5231	6266.227942	43.781090	2.716707	1.553620	3.812397
5233	6268.303460	43.018528	2.426816	1.562962	3.566683
5235	6270.380299	43.210726	1.637436	1.516814	3.639499
5237	6272.457563	43.232572	1.633751	1.517141	3.670849
5239	6274.534841	43.663210	4.354092	1.483511	3.695707
5241	6276.611598	43.787667	2.021519	1.549822	3.788567
5243	6278.688882	43.759944	4.384809	1.482978	3.699181
5245	6280.766433	44.029864	2.522435	1.557741	3.805489
5247	6282.846156	44.120248	2.671793	1.557905	3.690222
5249	6284.923981	44.112642	2.631760	1.556310	3.667201
5251	6287.002679	44.094241	2.679311	1.557755	3.785548
5253	6289.082857	43.663781	1.812162	1.522563	3.713990
5255	6291.160936	44.409890	2.891973	1.547194	3.805212
5257	6293.239737	43.997066	1.760687	1.520720	3.692498
5259	6295.318236	41.234661	6.383465	1.693441	3.637648
5261	6297.395122	47.930581	1.165037	1.538754	3.682584
5263	6299.471509	44.117818	1.743382	1.519337	3.614083
5265	6301.547509	44.440670	2.720052	1.555014	3.569204
5267	6303.623392	44.088550	1.817825	1.519690	3.641234
5269	6305.698911	44.340516	2.638700	1.553400	3.817464
5271	6307.774704	43.989899	1.847127	1.520351	3.693951
5273	6309.850969	43.882839	1.869207	1.520982	3.586463
5275	6311.927193	43.813998	1.874312	1.521743	3.819191
5277	6314.003466	43.844948	1.858155	1.521540	3.673319
5279	6316.081282	43.863784	1.879672	1.521631	3.789072
5281	6318.159188	43.302194	3.100558	1.584943	3.724571
5283	6320.236650	44.167759	1.854592	1.521306	3.762773
5285	6322.313536	43.973925	1.888676	1.521587	3.669935
5287	6324.391809	44.485521	2.816009	1.555634	3.732306
5289	6326.471242	44.351478	2.711701	1.554868	3.692853
5291	6328.548996	44.194829	1.821599	1.521764	3.692592
5293	6330.627169	44.687963	2.734592	1.555480	3.710317
5295	6332.706153	44.590146	2.679973	1.555745	3.785434
5297	6334.783911	44.881484	2.820622	1.559065	3.621240
5299	6336.860554	44.794003	2.679399	1.555391	3.457431
5301	6338.937379	44.435602	1.795110	1.524596	3.766480
5303	6341.013214	45.223634	2.687676	1.555012	3.688341
5305	6343.088437	44.359556	1.925975	1.525268	3.647764
5307	6345.163981	45.105854	2.744135	1.555826	3.760665
5309	6347.240377	45.092059	2.743915	1.556630	3.622749
5311	6349.315817	43.404666	3.186767	1.585601	3.760699
5313	6351.392182	44.704377	1.721962	1.520523	3.745139
5315	6353.468244	44.634827	2.779809	1.559178	3.669585
5317	6355.544862	43.614064	2.787301	1.572110	3.906750
5319	6357.621371	44.221114	1.913681	1.521788	3.774883
5321	6359.699768	44.793116	2.749562	1.560971	3.844721
5323	6361.777004	44.818356	2.753869	1.560772	4.131848
5325	6363.853734	43.505746	2.929336	1.574841	3.990384
5327	6365.931722	44.719894	1.813365	1.519975	3.822680
5329	6368.010885	44.339125	1.869335	1.524126	4.013723
5331	6370.088815	44.384839	1.917377	1.524449	3.818707
5333	6372.166719	44.988562	3.176732	1.550913	3.967492
5335	6374.246514	42.291744	5.158105	1.650279	3.921617
5337	6376.324472	44.942043	2.226592	1.529000	3.893256
5339	6378.402071	44.681206	1.939252	1.525418	3.803863
5341	6380.479068	45.378538	2.793571	1.556417	3.892944
5343	6382.556885	44.793889	1.937037	1.524707	3.775604
5345	6384.634017	42.028665	6.308491	1.684272	3.976430
5347	6386.710272	48.399153	0.923780	1.541498	3.773990
5349	6388.786648	45.181923	2.905182	1.558420	3.802921
5351	6390.862702	44.741387	2.014539	1.524686	3.782842
5353	6392.939152	42.925950	5.841293	1.665359	3.804019
5355	6395.015208	44.971003	1.338572	1.526497	3.799711
5357	6397.091217	45.126440	2.927254	1.556389	3.698669
5359	6399.167688	43.979574	1.899725	1.527233	3.762734
5361	6401.244711	44.932768	1.285422	1.525653	3.813925
5363	6403.322075	45.064300	3.044899	1.556456	3.868823
5365	6405.400911	43.025414	5.076773	1.638905	3.860631
5367	6407.478111	43.919269	0.178397	1.508039	3.716993
5369	6409.555326	44.273351	2.008309	1.526672	3.694877
5371	6411.632864	46.643965	0.501102	1.541298	3.823372
5373	6413.711613	45.503857	2.934882	1.560609	3.619073
5375	6415.789852	43.681008	1.850503	1.531612	3.800511
5377	6417.866779	43.847025	0.845756	1.514218	3.781356
5379	6419.943519	44.200828	2.022805	1.529211	3.962236
5381	6422.021074	48.928429	1.503926	1.543375	3.915351
5383	6424.097681	45.642272	3.033190	1.564019	3.809103
5385	6426.174720	45.735214	2.810270	1.560523	3.765974
5387	6428.250643	45.612668	2.876436	1.562100	3.917739
5389	6430.325812	45.713957	2.982751	1.558989	3.914155
5391	6432.402556	44.917692	2.153155	1.531320	3.948445
5393	6434.477864	43.487790	4.238887	1.614819	3.921742
5395	6436.553665	45.302996	2.030134	1.527366	4.055684
5397	6438.629560	45.266118	2.933552	1.565719	4.075574
5399	6440.705828	45.321880	3.049242	1.563074	3.831047
5401	6442.783222	44.706802	2.104066	1.528730	4.035225
