time (s)	coil I (A)	last det (V)	int current (uC)
2847.629165	0.292135	146.289062	181.445312
2847.631167	0.608941	146.289062	181.445312
2847.633166	0.914281	146.289062	181.445312
2847.635166	1.203341	146.289062	181.445312
2847.637167	1.463962	146.289062	181.445312
2847.639167	1.528394	146.289062	181.445312
2847.641167	1.524196	16.766161	0.038926
2848.711157	0.871964	-111.035156	-218.554687
2848.713159	1.164073	-111.035156	-218.554687
2848.715159	1.434811	-111.035156	-218.554687
2848.717160	1.530895	-111.035156	-218.554687
2848.719159	1.526731	16.794041	0.089571
2849.709720	0.858204	155.468750	181.054687
2849.711723	1.151143	155.468750	181.054687
2849.713722	1.423830	155.468750	181.054687
2849.715722	1.530597	155.468750	181.054687
2849.717723	1.526265	16.788910	0.040948
2850.789717	0.534041	-111.425781	-216.699219
2850.791720	0.841771	-111.425781	-216.699219
2850.793719	1.136026	-111.425781	-216.699219
2850.795720	1.410317	-111.425781	-216.699219
2850.797720	1.529418	-111.425781	-216.699219
2850.799719	1.525468	16.780153	0.028895
2851.784598	0.504965	146.191406	181.347656
2851.786599	0.813458	146.191406	181.347656
2851.790597	1.385524	146.191406	181.347656
2851.792599	1.528365	146.191406	181.347656
2851.794600	1.525079	16.775873	0.039083
2852.866659	0.415875	-112.597656	-215.136719
2852.868661	0.726986	-112.597656	-215.136719
2852.870659	1.027131	-112.597656	-215.136719
2852.872661	1.308653	-112.597656	-215.136719
2852.874659	1.516101	-112.597656	-215.136719
2852.876659	1.526546	-112.597656	-215.136719
2852.878661	1.523298	16.756279	0.034855
2853.861235	0.419480	146.679687	179.589844
2853.863236	0.730109	146.679687	179.589844
2853.865236	1.030068	146.679687	179.589844
2853.869235	1.516874	146.679687	179.589844
2853.871237	1.526404	146.679687	179.589844
2853.873236	1.523270	16.755968	0.040330
2854.945298	0.642509	-114.062500	-211.816406
2854.947299	0.657672	-114.062500	-211.816406
2854.949300	1.233386	-114.062500	-211.816406
2854.951300	1.483190	-114.062500	-211.816406
2854.953300	1.528442	-114.062500	-211.816406
2854.957300	1.522341	16.745750	0.488189
2855.942286	0.623077	141.406250	176.171875
2855.944289	0.927679	141.406250	176.171875
2855.946289	1.215856	141.406250	176.171875
2855.948288	1.472066	141.406250	176.171875
2855.950288	1.527678	141.406250	176.171875
2855.952287	1.523669	16.760355	0.041333
2857.020822	0.424593	-115.039062	-206.152344
2857.022824	0.735218	-115.039062	-206.152344
2857.024823	1.035055	-115.039062	-206.152344
2857.026826	1.315969	-115.039062	-206.152344
2857.028824	1.518516	-115.039062	-206.152344
2857.030825	1.526784	-115.039062	-206.152344
2857.032823	1.523524	16.758759	0.035533
2858.018873	0.408535	133.398437	173.632812
2858.020875	0.720040	133.398437	173.632812
2858.022875	1.020438	133.398437	173.632812
2858.024876	1.302325	133.398437	173.632812
2858.028874	1.526829	133.398437	173.632812
2858.030875	1.523702	133.398437	173.632812
2858.032875	1.521749	16.739244	0.045692
2859.099801	0.465669	-115.332031	-201.269531
2859.103802	1.073355	-115.332031	-201.269531
2859.105805	1.351593	-115.332031	-201.269531
2859.107803	1.526156	-115.332031	-201.269531
2859.109804	1.526362	-115.332031	-201.269531
2859.111803	1.523412	16.757528	0.025088
2860.100794	0.587506	125.683594	170.703125
2860.102802	0.893702	125.683594	170.703125
2860.104802	1.184942	125.683594	170.703125
2860.106800	1.450948	125.683594	170.703125
2860.108802	1.529418	125.683594	170.703125
2860.110800	1.525076	16.775837	0.214421
2861.174821	0.484783	-114.257812	-199.121094
2861.176824	0.793648	-114.257812	-199.121094
2861.178824	1.090932	-114.257812	-199.121094
2861.180826	1.367990	-114.257812	-199.121094
2861.182824	1.528692	-114.257812	-199.121094
2861.186826	1.523939	16.763325	0.031116
2862.183411	0.754555	130.078125	168.066406
2862.185411	1.053568	130.078125	168.066406
2862.187413	1.333227	130.078125	168.066406
2862.189411	1.522325	130.078125	168.066406
2862.191412	1.526017	130.078125	168.066406
2862.193411	1.522981	16.752796	0.036945
2863.247434	0.805401	-111.816406	-199.316406
2863.249436	1.102080	-111.816406	-199.316406
2863.251436	1.378496	-111.816406	-199.316406
2863.253437	1.528400	-111.816406	-199.316406
2863.255436	1.525711	16.782822	0.039963
2864.265980	1.262094	84.570312	168.847656
2864.267981	0.825122	84.570312	168.847656
2864.269981	1.120413	84.570312	168.847656
2864.273979	1.529837	84.570312	168.847656
2864.275987	1.526217	84.570312	168.847656
2864.277986	1.523590	16.759495	0.043985
2865.318955	0.605097	-107.226562	-201.660156
2865.320959	0.910574	-107.226562	-201.660156
2865.322957	0.922105	-107.226562	-201.660156
2865.324959	1.461534	-107.226562	-201.660156
2865.326957	1.528322	-107.226562	-201.660156
2865.328958	1.524277	16.767046	0.042675
2866.349053	0.398746	85.546875	171.582031
2866.351055	0.710263	85.546875	171.582031
2866.353054	1.011269	85.546875	171.582031
2866.355054	1.293706	85.546875	171.582031
2866.357055	1.511248	85.546875	171.582031
2866.359055	1.526859	85.546875	171.582031
2866.361054	1.523484	16.758326	0.039588
2867.395046	0.675233	-105.957031	-210.058594
2867.397049	0.977693	-105.957031	-210.058594
2867.401048	1.498357	-105.957031	-210.058594
2867.403048	1.527571	-105.957031	-210.058594
2867.405049	1.524026	16.764280	0.040042
2868.433608	0.824687	73.828125	177.734375
2868.435608	1.119964	73.828125	177.734375
2868.437608	1.395738	73.828125	177.734375
2868.439608	1.530056	73.828125	177.734375
2868.441608	1.526490	16.791391	0.032507
2869.470197	0.271959	-103.808594	-217.968750
2869.472197	0.590140	-103.808594	-217.968750
2869.476196	1.186660	-103.808594	-217.968750
2869.478198	1.452043	-103.808594	-217.968750
2869.480199	1.528772	-103.808594	-217.968750
2869.482196	1.524426	16.768686	0.042923
2870.504234	0.365693	91.308594	183.496094
2870.506236	0.678762	91.308594	183.496094
2870.508238	0.981138	91.308594	183.496094
2870.510236	1.265616	91.308594	183.496094
2870.512238	1.499827	91.308594	183.496094
2870.514238	1.527413	91.308594	183.496094
2870.516237	1.523821	16.762030	0.043566
2871.556330	0.675732	-104.589844	-224.316406
2871.558332	0.978135	-104.589844	-224.316406
2871.560331	1.263028	-104.589844	-224.316406
2871.562330	1.498454	-104.589844	-224.316406
2871.564329	1.527256	-104.589844	-224.316406
2871.566332	1.523731	16.761038	0.037583
2872.580440	0.808863	97.558594	187.695312
2872.582441	0.820554	97.558594	187.695312
2872.584444	1.381466	97.558594	187.695312
2872.586446	1.529514	97.558594	187.695312
2872.588450	1.526729	16.794014	0.039813
2873.639000	0.692567	-106.738281	-226.757812
2873.641001	0.994285	-106.738281	-226.757812
2873.643003	1.277967	-106.738281	-226.757812
2873.645001	1.505071	-106.738281	-226.757812
2873.647002	1.526931	-106.738281	-226.757812
2873.649000	1.523454	16.757998	0.031958
2874.649047	0.432647	120.507812	186.816406
2874.651048	0.743087	120.507812	186.816406
2874.653048	1.042579	120.507812	186.816406
2874.655047	1.322904	120.507812	186.816406
2874.657047	1.519885	120.507812	186.816406
2874.661046	1.523081	120.507812	186.816406
2874.663048	1.521115	16.732262	0.042601
2875.721062	0.416476	-108.593750	-221.972656
2875.723063	0.727323	-108.593750	-221.972656
2875.725066	0.741743	-108.593750	-221.972656
2875.727063	1.309003	-108.593750	-221.972656
2875.729065	1.516287	-108.593750	-221.972656
2875.731065	1.526664	-108.593750	-221.972656
2875.733064	1.523408	16.757483	0.034653
2876.727133	0.886859	133.300781	183.300781
2876.729135	1.177866	133.300781	183.300781
2876.731134	1.445426	133.300781	183.300781
2876.733135	1.529277	133.300781	183.300781
2876.735136	1.525114	16.776255	0.177206
2877.805779	0.944735	-112.207031	-216.601562
2877.807780	1.231874	-112.207031	-216.601562
2877.809783	1.482123	-112.207031	-216.601562
2877.811781	1.527899	-112.207031	-216.601562
2877.813782	1.523991	16.763899	0.039144
2878.804767	1.105319	154.296875	178.125000
2878.806768	1.381654	154.296875	178.125000
2878.810767	1.528822	154.296875	178.125000
2878.812768	1.525850	16.784346	0.041810
2879.882800	0.607787	-113.867187	-210.546875
2879.884800	0.913017	-113.867187	-210.546875
2879.886801	1.202423	-113.867187	-210.546875
2879.888802	1.463340	-113.867187	-210.546875
2879.890799	1.528695	-113.867187	-210.546875
2879.892801	1.524500	16.769501	0.035596
2880.877397	0.413800	137.597656	176.562500
2880.879399	0.724825	137.597656	176.562500
2880.881400	1.025113	137.597656	176.562500
2880.883400	1.306702	137.597656	176.562500
2880.885400	1.515456	137.597656	176.562500
2880.887401	1.526454	137.597656	176.562500
2880.889400	1.523164	16.754807	0.042629
2881.961963	0.754977	-113.964844	-206.152344
2881.963965	1.054115	-113.964844	-206.152344
2881.965965	1.333712	-113.964844	-206.152344
2881.967965	1.522898	-113.964844	-206.152344
2881.969964	1.526710	-113.964844	-206.152344
2881.971964	1.523577	16.759346	0.034183
2882.955940	0.426027	146.191406	173.828125
2882.957943	0.736602	146.191406	173.828125
2882.959942	1.036241	146.191406	173.828125
2882.961941	1.317014	146.191406	173.828125
2882.963941	1.518104	146.191406	173.828125
2882.965942	1.525740	146.191406	173.828125
2882.967941	1.522782	16.750597	0.042414
2884.041976	1.170943	-115.039062	-204.101562
2884.043978	1.440075	-115.039062	-204.101562
2884.047977	1.525426	-115.039062	-204.101562
2884.049980	1.523027	16.753292	0.137411
2885.036644	0.575699	135.839844	173.046875
2885.038647	0.882359	135.839844	173.046875
2885.040647	1.173766	135.839844	173.046875
2885.042645	1.442181	135.839844	173.046875
2885.046645	1.524938	135.839844	173.046875
2885.048647	1.522672	16.749393	0.041797
2886.117266	0.934546	-115.234375	-202.832031
2886.119267	1.222365	-115.234375	-202.832031
2886.121268	1.476409	-115.234375	-202.832031
2886.123268	1.528175	-115.234375	-202.832031
2886.125268	1.524315	16.767462	0.425531
2887.115852	0.845986	133.105469	173.242187
2887.117855	1.139824	133.105469	173.242187
2887.119853	1.413656	133.105469	173.242187
2887.121853	1.528756	133.105469	173.242187
2887.123855	1.524573	16.770298	0.042189
2888.196390	0.803154	-114.453125	-202.246094
2888.198390	1.099897	-114.453125	-202.246094
2888.200390	1.376463	-114.453125	-202.246094
2888.202390	1.528826	-114.453125	-202.246094
2888.206388	1.523416	16.757572	0.030167
2889.190432	0.405905	146.289062	172.558594
2889.192433	0.717325	146.289062	172.558594
2889.194433	1.017869	146.289062	172.558594
2889.196433	1.299825	146.289062	172.558594
2889.198433	1.513266	146.289062	172.558594
2889.200432	1.526470	146.289062	172.558594
2889.202432	1.523245	16.755693	0.043485
2890.272438	0.469739	-115.332031	-203.515625
2890.274440	0.779148	-115.332031	-203.515625
2890.276441	1.077123	-115.332031	-203.515625
2890.278449	1.355033	-115.332031	-203.515625
2890.280447	1.527974	-115.332031	-203.515625
2890.282446	1.527885	-115.332031	-203.515625
2890.286447	1.522969	16.752663	0.037526
2891.270535	0.422407	145.703125	173.144531
2891.272537	0.733095	145.703125	173.144531
2891.274537	1.032955	145.703125	173.144531
2891.276536	1.313945	145.703125	173.144531
2891.278537	1.517775	145.703125	173.144531
2891.280536	1.526641	145.703125	173.144531
2891.282537	1.523347	16.756819	0.043005
2892.350590	0.293692	-115.820312	-205.468750
2892.352591	0.610517	-115.820312	-205.468750
2892.354593	0.915572	-115.820312	-205.468750
2892.356591	1.204679	-115.820312	-205.468750
2892.358591	1.464834	-115.820312	-205.468750
2892.360590	1.528131	-115.820312	-205.468750
2892.362592	1.524088	16.764963	0.037127
2893.347224	0.298121	142.578125	175.097656
2893.349224	0.614651	142.578125	175.097656
2893.351223	0.919568	142.578125	175.097656
2893.353224	1.208354	142.578125	175.097656
2893.357222	1.527778	142.578125	175.097656
2893.359224	1.523740	142.578125	175.097656
2893.361224	1.521499	16.736490	0.038154
2894.433806	0.835872	-113.867187	-208.105469
2894.435810	1.130476	-113.867187	-208.105469
2894.437808	1.405369	-113.867187	-208.105469
2894.439808	1.530286	-113.867187	-208.105469
2894.441808	1.526365	16.790016	0.036593
2895.423845	0.454780	146.484375	177.050781
2895.425844	0.764570	146.484375	177.050781
2895.427845	1.063083	146.484375	177.050781
2895.429844	1.341919	146.484375	177.050781
2895.431846	1.523994	146.484375	177.050781
2895.435843	1.522920	146.484375	177.050781
2895.437849	1.520990	16.730888	0.045329
2896.507902	0.479244	-113.085937	-213.183594
2896.509904	0.788293	-113.085937	-213.183594
2896.511905	1.085872	-113.085937	-213.183594
2896.515906	1.527360	-113.085937	-213.183594
2896.517908	1.525906	-113.085937	-213.183594
2896.519908	1.523034	16.753370	0.038643
2897.503964	0.433830	142.871094	180.664062
2897.507965	1.043542	142.871094	180.664062
2897.509967	1.323820	142.871094	180.664062
2897.511967	1.520147	142.871094	180.664062
2897.513967	1.526123	142.871094	180.664062
2897.515967	1.523010	16.753107	0.042683
2898.583974	0.301450	-110.253906	-218.261719
2898.585976	0.617710	-110.253906	-218.261719
2898.587976	0.629937	-110.253906	-218.261719
2898.589976	1.211331	-110.253906	-218.261719
2898.591976	1.469365	-110.253906	-218.261719
2898.593977	1.528330	-110.253906	-218.261719
2898.595977	1.524369	16.768057	0.036717
2899.587999	0.857069	130.468750	184.863281
2899.589999	1.150090	130.468750	184.863281
2899.592003	1.423519	130.468750	184.863281
2899.594004	1.531248	130.468750	184.863281
2899.596003	1.527107	16.798180	0.041579
2900.658643	0.392527	-108.203125	-223.730469
2900.660645	0.704415	-108.203125	-223.730469
2900.662647	1.005470	-108.203125	-223.730469
2900.664645	1.288441	-108.203125	-223.730469
2900.666645	1.295920	-108.203125	-223.730469
2900.668646	1.527023	-108.203125	-223.730469
2900.670645	1.523672	16.760391	0.039849
2901.668663	0.487720	125.878906	187.304687
2901.670662	0.796584	125.878906	187.304687
2901.672663	1.093646	125.878906	187.304687
2901.676664	1.527723	125.878906	187.304687
2901.678664	1.525409	125.878906	187.304687
2901.680664	1.522628	16.748905	0.040116
2902.732669	0.419705	-106.445312	-226.757812
2902.734672	0.730403	-106.445312	-226.757812
2902.736671	1.030475	-106.445312	-226.757812
2902.738672	1.311607	-106.445312	-226.757812
2902.740672	1.517049	-106.445312	-226.757812
2902.742670	1.526436	-106.445312	-226.757812
2902.744674	1.523319	16.756510	0.036344
2903.753605	0.738819	90.332031	188.085937
2903.755607	1.038468	90.332031	188.085937
2903.757609	1.319044	90.332031	188.085937
2903.759606	1.519077	90.332031	188.085937
2903.761609	1.526362	90.332031	188.085937
2903.763607	1.523209	16.755295	0.041116
2904.810206	0.752489	-105.078125	-224.121094
2904.812208	1.051634	-105.078125	-224.121094
2904.814208	1.331287	-105.078125	-224.121094
2904.816208	1.521845	-105.078125	-224.121094
2904.818208	1.526033	-105.078125	-224.121094
2904.820210	1.522990	16.752884	0.033397
2905.832745	0.323456	86.718750	184.277344
2905.836742	0.942550	86.718750	184.277344
2905.838746	1.229834	86.718750	184.277344
2905.840744	1.480861	86.718750	184.277344
2905.842745	1.527898	86.718750	184.277344
2905.844745	1.523957	16.763527	0.041143
2906.878739	0.481611	-105.468750	-217.773437
2906.880740	0.790371	-105.468750	-217.773437
2906.882739	1.087699	-105.468750	-217.773437
2906.884741	1.364855	-105.468750	-217.773437
2906.886743	1.527431	-105.468750	-217.773437
2906.888741	1.525734	16.783070	0.044195
2907.913745	0.402565	60.156250	178.808594
2907.915747	0.714091	60.156250	178.808594
2907.917747	1.014802	60.156250	178.808594
2907.919747	1.297097	60.156250	178.808594
2907.921748	1.512454	60.156250	178.808594
2907.923750	1.526717	60.156250	178.808594
2907.925752	1.523464	16.758104	0.044716
2908.954690	0.327851	-107.421875	-210.742187
2908.956693	0.642548	-107.421875	-210.742187
2908.958692	0.946331	-107.421875	-210.742187
2908.960693	1.233236	-107.421875	-210.742187
2908.962694	1.482610	-107.421875	-210.742187
2908.964692	1.527327	-107.421875	-210.742187
2908.966691	1.523566	16.759230	0.048462
2909.994706	0.632661	65.136719	173.339844
2909.996708	0.936822	65.136719	173.339844
2909.998709	1.224388	65.136719	173.339844
2910.000709	1.477365	65.136719	173.339844
2910.002708	1.527397	65.136719	173.339844
2910.004709	1.523577	16.759346	0.039283
2911.037261	0.451009	-108.789062	-203.906250
2911.039263	0.760697	-108.789062	-203.906250
2911.041261	1.059539	-108.789062	-203.906250
2911.043263	1.338689	-108.789062	-203.906250
2911.047261	1.527484	-108.789062	-203.906250
2911.049263	1.524265	-108.789062	-203.906250
2911.051262	1.522441	16.746849	0.041259
2912.064210	0.433699	89.453125	169.531250
2912.066212	0.744048	89.453125	169.531250
2912.068211	1.043594	89.453125	169.531250
2912.070211	1.323871	89.453125	169.531250
2912.072212	1.520415	89.453125	169.531250
2912.074212	1.526509	89.453125	169.531250
2912.076210	1.523432	16.757750	0.046314
2913.120218	0.434094	-110.742187	-199.707031
2913.122218	0.744272	-110.742187	-199.707031
2913.124219	1.043786	-110.742187	-199.707031
2913.126218	1.324028	-110.742187	-199.707031
2913.128218	1.520657	-110.742187	-199.707031
2913.130218	1.526549	-110.742187	-199.707031
2913.132218	1.523454	16.757998	0.039121
2914.142311	0.812393	96.289062	168.457031
2914.144314	1.108512	96.289062	168.457031
2914.146314	1.384777	96.289062	168.457031
2914.148314	1.528515	96.289062	168.457031
2914.150312	1.525270	16.777966	0.040781
2915.200865	0.332948	-114.746094	-199.218750
2915.202867	0.647603	-114.746094	-199.218750
2915.204867	0.951302	-114.746094	-199.218750
2915.206867	1.237829	-114.746094	-199.218750
2915.208867	1.247281	-114.746094	-199.218750
2915.210867	1.527901	-114.746094	-199.218750
2915.212866	1.524070	16.764769	0.038144
2916.214919	0.700435	120.898437	169.335937
2916.218923	1.284791	120.898437	169.335937
2916.220923	1.507617	120.898437	169.335937
2916.222926	1.526334	120.898437	169.335937
2916.224925	1.523004	16.753044	0.044111
2917.284941	0.411244	-115.332031	-199.511719
2917.286941	0.722384	-115.332031	-199.511719
2917.288942	1.022780	-115.332031	-199.511719
2917.290944	1.304466	-115.332031	-199.511719
2917.292942	1.515023	-115.332031	-199.511719
2917.294943	1.526872	-115.332031	-199.511719
2917.296941	1.523540	16.758938	0.034705
2918.286991	0.463652	129.980469	171.191406
2918.288993	0.476004	129.980469	171.191406
2918.290992	1.071030	129.980469	171.191406
2918.292994	1.349394	129.980469	171.191406
2918.294992	1.525203	129.980469	171.191406
2918.296997	1.525696	129.980469	171.191406
2918.298995	1.522722	16.749943	0.044637
2919.369594	0.854031	-116.503906	-201.757812
2919.371598	1.147245	-116.503906	-201.757812
2919.373597	1.420283	-116.503906	-201.757812
2919.375596	1.529146	-116.503906	-201.757812
2919.377594	1.529089	16.819981	0.028947
2920.363534	0.481582	137.304687	172.949219
2920.365536	0.790409	137.304687	172.949219
2920.367535	1.087825	137.304687	172.949219
2920.369537	1.364909	137.304687	172.949219
2920.371536	1.527070	137.304687	172.949219
2920.373538	1.525446	16.779905	0.042534
2921.448113	0.666020	-115.234375	-203.320312
2921.450114	0.968863	-115.234375	-203.320312
2921.452115	1.254305	-115.234375	-203.320312
2921.454115	1.494367	-115.234375	-203.320312
2921.456113	1.527703	-115.234375	-203.320312
2921.458113	1.523956	16.763519	0.030020
2922.440089	0.341245	149.804687	174.121094
2922.442091	0.655235	149.804687	174.121094
2922.444094	0.958538	149.804687	174.121094
2922.446092	1.244845	149.804687	174.121094
2922.448097	1.489444	149.804687	174.121094
2922.450095	1.527165	149.804687	174.121094
2922.452095	1.523595	16.759548	0.041434
2923.528112	0.785296	-116.601562	-205.468750
2923.530113	1.083041	-116.601562	-205.468750
2923.532113	1.360572	-116.601562	-205.468750
2923.534118	1.527429	-116.601562	-205.468750
2923.536119	1.526285	-116.601562	-205.468750
2923.538121	1.523430	16.757730	0.030527
2924.521046	0.809538	142.285156	175.488281
2924.523048	1.105780	142.285156	175.488281
2924.525046	1.382093	142.285156	175.488281
2924.527049	1.528670	142.285156	175.488281
2924.529047	1.525650	16.782148	0.041489
2925.603639	0.569175	-115.527344	-206.152344
2925.605641	0.876200	-115.527344	-206.152344
2925.609639	1.437507	-115.527344	-206.152344
2925.611641	1.529145	-115.527344	-206.152344
2925.613640	1.524746	16.772203	0.114495
2926.599645	0.867986	147.265625	175.000000
2926.601647	1.160182	147.265625	175.000000
2926.603647	1.431252	147.265625	175.000000
2926.605647	1.529608	147.265625	175.000000
2926.607649	1.525415	16.779568	0.043967
2927.681690	0.584637	-116.894531	-206.250000
2927.683692	0.890985	-116.894531	-206.250000
2927.685693	1.181638	-116.894531	-206.250000
2927.689692	1.529047	-116.894531	-206.250000
2927.691693	1.524752	-116.894531	-206.250000
2927.693692	1.522488	16.747362	0.196015
2928.679748	0.998925	138.085937	175.000000
2928.681749	1.282205	138.085937	175.000000
2928.683751	1.506423	138.085937	175.000000
2928.685749	1.526146	138.085937	175.000000
2928.689748	1.520877	16.729647	0.040998
2929.762346	0.725738	-115.429687	-204.492187
2929.764348	1.025957	-115.429687	-204.492187
2929.766353	1.307503	-115.429687	-204.492187
2929.768351	1.516012	-115.429687	-204.492187
2929.770352	1.526532	-115.429687	-204.492187
2929.772353	1.523357	16.756926	0.029010
2930.756384	0.840548	150.585937	173.144531
2930.758387	1.134899	150.585937	173.144531
2930.760386	1.409278	150.585937	173.144531
2930.764386	1.525738	150.585937	173.144531
2930.766387	1.523229	16.755516	0.042015
2931.836452	0.281271	-117.089844	-202.734375
2931.838455	0.598708	-117.089844	-202.734375
2931.842454	1.194283	-117.089844	-202.734375
2931.844454	1.457404	-117.089844	-202.734375
2931.846457	1.528118	-117.089844	-202.734375
2931.848458	1.524008	16.764086	0.037317
2932.835047	0.636654	126.269531	172.558594
2932.837050	0.940731	126.269531	172.558594
2932.839050	1.228056	126.269531	172.558594
2932.841048	1.479455	126.269531	172.558594
2932.843049	1.527193	126.269531	172.558594
2932.845048	1.523462	16.758087	0.043329
2933.913587	0.517265	-115.625000	-200.390625
2933.915589	0.825362	-115.625000	-200.390625
2933.917588	1.120659	-115.625000	-200.390625
2933.919588	1.396350	-115.625000	-200.390625
2933.921590	1.530065	-115.625000	-200.390625
2933.923588	1.526447	16.790913	0.033655
2934.917642	0.833132	120.605469	170.507812
2934.919642	1.127793	120.605469	170.507812
2934.921643	1.402839	120.605469	170.507812
2934.923642	1.529492	120.605469	170.507812
2934.925642	1.525598	16.781580	0.042330
2935.988232	0.400528	-115.625000	-199.414062
2935.990235	0.712101	-115.625000	-199.414062
2935.992234	1.012858	-115.625000	-199.414062
2935.994233	1.295230	-115.625000	-199.414062
2935.996234	1.511882	-115.625000	-199.414062
2935.998236	1.527002	-115.625000	-199.414062
2936.000234	1.523687	16.760559	0.035543
2936.998294	0.662340	100.390625	169.335937
2937.000294	0.965421	100.390625	169.335937
2937.002295	1.250886	100.390625	169.335937
2937.004293	1.492610	100.390625	169.335937
2937.006294	1.527560	100.390625	169.335937
2937.008295	1.523895	16.762846	0.592006
2938.062328	0.398482	-114.062500	-199.902344
2938.066328	1.010967	-114.062500	-199.902344
2938.068330	1.293473	-114.062500	-199.902344
2938.070331	1.511114	-114.062500	-199.902344
2938.072331	1.526658	-114.062500	-199.902344
2938.074330	1.523366	16.757023	0.036385
2939.084420	1.043258	81.347656	169.140625
2939.086423	1.323429	81.347656	169.140625
2939.088421	1.519789	81.347656	169.140625
2939.090421	1.525620	81.347656	169.140625
2939.092420	1.522749	16.750244	0.041437
2940.135348	0.386950	-110.449219	-201.464844
2940.137347	0.699018	-110.449219	-201.464844
2940.139349	1.000370	-110.449219	-201.464844
2940.141348	1.283613	-110.449219	-201.464844
2940.143347	1.507432	-110.449219	-201.464844
2940.145349	1.526846	-110.449219	-201.464844
2940.147349	1.523528	16.758814	0.042761
2941.163410	0.662145	64.746094	170.800781
2941.165411	0.673058	64.746094	170.800781
2941.169410	1.492279	64.746094	170.800781
2941.171411	1.527413	64.746094	170.800781
2941.173411	1.523750	16.761251	0.041946
2942.209963	0.344338	-107.128906	-205.078125
2942.211966	0.658141	-107.128906	-205.078125
2942.213965	0.961263	-107.128906	-205.078125
2942.215966	1.247137	-107.128906	-205.078125
2942.217964	1.490574	-107.128906	-205.078125
2942.219964	1.527467	-107.128906	-205.078125
2942.221965	1.523823	16.762049	0.042365
2943.244046	0.442824	72.460937	174.414062
2943.246047	0.752965	72.460937	174.414062
2943.248046	1.051996	72.460937	174.414062
2943.250047	1.331557	72.460937	174.414062
2943.252046	1.337830	72.460937	174.414062
2943.254047	1.527004	72.460937	174.414062
2943.256047	1.523838	16.762217	0.041523
2944.286072	0.577285	-105.468750	-211.328125
2944.288072	0.883876	-105.468750	-211.328125
2944.290074	1.175014	-105.468750	-211.328125
2944.292074	1.443302	-105.468750	-211.328125
2944.294074	1.529598	-105.468750	-211.328125
2944.296073	1.525253	16.777788	0.156330
2945.322119	0.421858	69.726562	179.492187
2945.324122	0.732540	69.726562	179.492187
2945.326121	1.032375	69.726562	179.492187
2945.328121	1.313414	69.726562	179.492187
2945.330119	1.517294	69.726562	179.492187
2945.332122	1.526247	69.726562	179.492187
2945.334121	1.523072	16.753788	0.041381
2946.366164	0.552132	-105.859375	-219.335937
2946.368166	0.859407	-105.859375	-219.335937
2946.370168	1.152305	-105.859375	-219.335937
2946.372168	1.164152	-105.859375	-219.335937
2946.374166	1.529651	-105.859375	-219.335937
2946.376166	1.525460	16.780056	0.042083
2947.398743	0.414047	80.273437	184.570312
2947.402744	1.025316	80.273437	184.570312
2947.404744	1.306964	80.273437	184.570312
2947.406744	1.515601	80.273437	184.570312
2947.408744	1.526571	80.273437	184.570312
2947.410745	1.523353	16.756882	0.040021
2948.446751	0.483496	-106.054687	-224.707031
2948.448754	0.792548	-106.054687	-224.707031
2948.450755	1.089918	-106.054687	-224.707031
2948.452753	1.104450	-106.054687	-224.707031
2948.454752	1.527694	-106.054687	-224.707031
2948.456754	1.525982	16.785799	0.042968
2949.471326	0.534279	98.535156	187.011719
2949.473325	0.841924	98.535156	187.011719
2949.475326	1.136008	98.535156	187.011719
2949.477327	1.410327	98.535156	187.011719
2949.481324	1.525406	98.535156	187.011719
2949.483326	1.522848	16.751333	0.046437
2950.529310	0.364316	-106.640625	-226.171875
2950.531311	0.677274	-106.640625	-226.171875
2950.535315	1.265081	-106.640625	-226.171875
2950.537316	1.499212	-106.640625	-226.171875
2950.539317	1.526658	-106.640625	-226.171875
2950.541317	1.523293	16.756226	0.036421
2951.545366	0.523136	105.761719	188.281250
2951.547367	0.831061	105.761719	188.281250
2951.549367	1.125907	105.761719	188.281250
2951.551366	1.401170	105.761719	188.281250
2951.553367	1.530159	105.761719	188.281250
2951.555366	1.526341	16.789751	0.044964
2952.613390	0.642414	-108.886719	-225.585937
2952.615390	0.946281	-108.886719	-225.585937
2952.617391	1.233267	-108.886719	-225.585937
2952.619392	1.482578	-108.886719	-225.585937
2952.621391	1.527256	-108.886719	-225.585937
2952.623392	1.523480	16.758282	0.031177
2953.620381	0.544770	121.582031	186.523437
2953.622382	0.852430	121.582031	186.523437
2953.624382	1.145693	121.582031	186.523437
2953.626382	1.418913	121.582031	186.523437
2953.628381	1.529286	121.582031	186.523437
2953.630388	1.525150	16.776653	0.040912
2954.694419	0.720757	-108.886719	-221.679687
2954.696427	1.021244	-108.886719	-221.679687
2954.700427	1.514849	-108.886719	-221.679687
2954.702429	1.526774	-108.886719	-221.679687
2954.704430	1.523470	16.758175	0.033856
2955.696506	0.580226	125.781250	184.277344
2955.698508	0.886712	125.781250	184.277344
2955.700509	1.177609	125.781250	184.277344
2955.702509	1.445396	125.781250	184.277344
2955.704508	1.529978	125.781250	184.277344
2955.706508	1.525571	16.781281	0.041155
2956.777128	0.859738	-111.816406	-218.164062
2956.779130	1.152577	-111.816406	-218.164062
2956.781128	1.425059	-111.816406	-218.164062
2956.785129	1.526138	-111.816406	-218.164062
2956.787130	1.523571	16.759283	0.031628
2957.771689	0.985215	126.562500	182.812500
2957.773695	0.736483	126.562500	182.812500
2957.775695	1.036499	126.562500	182.812500
2957.777698	1.317656	126.562500	182.812500
2957.779696	1.518180	126.562500	182.812500
2957.781698	1.525801	126.562500	182.812500
2957.783697	1.522745	16.750198	0.042334
2958.854271	0.458586	-113.281250	-214.941406
2958.856273	0.768113	-113.281250	-214.941406
2958.858272	1.066455	-113.281250	-214.941406
2958.860273	1.345183	-113.281250	-214.941406
2958.862273	1.524876	-113.281250	-214.941406
2958.864273	1.526091	-113.281250	-214.941406
2958.866273	1.523281	16.756092	0.037489
2959.849230	0.442882	142.578125	180.566406
2959.851233	0.752787	142.578125	180.566406
2959.853234	1.051715	142.578125	180.566406
2959.855232	1.331341	142.578125	180.566406
2959.857232	1.522118	142.578125	180.566406
2959.859233	1.526280	142.578125	180.566406
2959.861232	1.523208	16.755285	0.040904
2960.931332	0.317042	-113.769531	-212.890625
2960.933334	0.632498	-113.769531	-212.890625
2960.935333	0.936725	-113.769531	-212.890625
2960.937333	1.224381	-113.769531	-212.890625
2960.939332	1.477578	-113.769531	-212.890625
2960.941334	1.528060	-113.769531	-212.890625
2960.945331	1.521950	16.741451	0.035987
2961.925916	0.320518	136.914062	179.785156
2961.927921	0.635704	136.914062	179.785156
2961.929923	0.663692	136.914062	179.785156
2961.931923	1.227936	136.914062	179.785156
2961.933924	1.479440	136.914062	179.785156
2961.935923	1.527439	136.914062	179.785156
2961.937924	1.523589	16.759478	0.045863
2963.009955	0.425376	-113.378906	-212.792969
2963.011958	0.735975	-113.378906	-212.792969
2963.013964	1.036124	-113.378906	-212.792969
2963.015968	1.318211	-113.378906	-212.792969
2963.017969	1.518475	-113.378906	-212.792969
2963.019968	1.525813	-113.378906	-212.792969
2963.021967	1.522755	16.750305	0.036584
2964.005965	0.490944	143.457031	179.394531
2964.007965	0.799695	143.457031	179.394531
2964.009965	1.096522	143.457031	179.394531
2964.011967	1.373051	143.457031	179.394531
2964.013965	1.528451	143.457031	179.394531
2964.015966	1.526258	16.788837	0.042726
2965.090014	0.554578	-113.964844	-213.183594
2965.092015	0.861804	-113.964844	-213.183594
2965.094014	1.154603	-113.964844	-213.183594
2965.096016	1.426690	-113.964844	-213.183594
2965.098016	1.530200	-113.964844	-213.183594
2965.100015	1.525968	16.785648	0.034905
2966.084646	0.525966	136.035156	180.078125
2966.086647	0.833714	136.035156	180.078125
2966.088649	1.128317	136.035156	180.078125
2966.090648	1.403265	136.035156	180.078125
2966.092648	1.528640	136.035156	180.078125
2966.094649	1.524802	16.772823	0.042679
2967.168692	0.706697	-113.769531	-214.746094
2967.170693	1.007711	-113.769531	-214.746094
2967.172692	1.290571	-113.769531	-214.746094
2967.174692	1.298378	-113.769531	-214.746094
2967.176692	1.526668	-113.769531	-214.746094
2967.178692	1.523350	16.756845	0.031700
2968.161283	0.315434	132.421875	181.738281
2968.163283	0.630786	132.421875	181.738281
2968.165283	0.935066	132.421875	181.738281
2968.167282	1.222708	132.421875	181.738281
2968.169283	1.476167	132.421875	181.738281
2968.171282	1.527247	132.421875	181.738281
2968.175281	1.521207	16.733280	0.042337
2969.245316	0.738726	-112.011719	-217.187500
2969.247318	1.038474	-112.011719	-217.187500
2969.249317	1.319062	-112.011719	-217.187500
2969.251317	1.519335	-112.011719	-217.187500
2969.253318	1.526641	-112.011719	-217.187500
2969.255317	1.523464	16.758104	0.033874
2970.247850	0.744927	139.843750	183.203125
2970.249852	1.044301	139.843750	183.203125
2970.251852	1.324406	139.843750	183.203125
2970.253853	1.520577	139.843750	183.203125
2970.259850	1.521499	139.843750	183.203125
2970.261853	1.520083	16.720917	0.036805
2971.317837	0.287214	-109.082031	-220.214844
2971.319839	0.604331	-109.082031	-220.214844
2971.321840	0.909763	-109.082031	-220.214844
2971.323839	1.199179	-109.082031	-220.214844
2971.325839	1.461106	-109.082031	-220.214844
2971.327838	1.528478	-109.082031	-220.214844
2971.329839	1.524309	16.767401	0.035594
2972.325832	0.788576	111.914062	186.523437
2972.327832	1.085953	111.914062	186.523437
2972.331832	1.526895	111.914062	186.523437
2972.333834	1.525375	111.914062	186.523437
2972.335833	1.522617	16.748781	0.040935
2973.396439	0.790294	-107.714844	-223.437500
2973.398440	0.815768	-107.714844	-223.437500
2973.400448	1.365472	-107.714844	-223.437500
2973.402445	1.528250	-107.714844	-223.437500
2973.404446	1.526775	16.794519	0.036991
2974.404477	0.253758	112.402344	187.695312
2974.406479	0.572835	112.402344	187.695312
2974.408479	0.879544	112.402344	187.695312
2974.410481	1.171143	112.402344	187.695312
2974.412480	1.440551	112.402344	187.695312
2974.414479	1.531538	112.402344	187.695312
2974.416478	1.527421	16.801626	0.044772
2975.468481	0.307174	-106.933594	-225.781250
2975.470484	0.623035	-106.933594	-225.781250
2975.472485	0.636371	-106.933594	-225.781250
2975.474484	1.215806	-106.933594	-225.781250
2975.476484	1.472065	-106.933594	-225.781250
2975.478485	1.527875	-106.933594	-225.781250
2975.480483	1.523955	16.763510	0.042087
2976.489103	0.504028	77.832031	189.062500
2976.491103	0.812283	77.832031	189.062500
2976.493105	1.108377	77.832031	189.062500
2976.495105	1.384454	77.832031	189.062500
2976.497106	1.529417	77.832031	189.062500
2976.499105	1.526475	16.791222	0.041978
2977.545174	0.868784	-105.468750	-224.609375
2977.547175	1.161066	-105.468750	-224.609375
2977.549175	1.431951	-105.468750	-224.609375
2977.551176	1.529120	-105.468750	-224.609375
2977.553175	1.528954	16.818491	0.040413
2978.571740	0.555206	81.347656	185.937500
2978.575742	1.155252	81.347656	185.937500
2978.577742	1.427151	81.347656	185.937500
2978.579741	1.529324	81.347656	185.937500
2978.581743	1.525089	16.775980	0.046508
2979.617825	0.640591	-105.175781	-220.410156
2979.619826	1.063181	-105.175781	-220.410156
2979.621828	1.342090	-105.175781	-220.410156
2979.623827	1.524477	-105.175781	-220.410156
2979.625828	1.526477	-105.175781	-220.410156
2979.627827	1.523444	16.757881	0.040123
2980.654407	0.808423	56.054687	182.519531
2980.656412	1.104895	56.054687	182.519531
2980.658412	1.381180	56.054687	182.519531
2980.660409	1.528607	56.054687	182.519531
2980.662409	1.525618	16.781794	0.039698
2981.694461	0.834628	-103.515625	-212.792969
2981.696460	1.129208	-103.515625	-212.792969
2981.698462	1.404185	-103.515625	-212.792969
2981.700461	1.530095	-103.515625	-212.792969
2981.702461	1.526143	16.787571	0.042386
2982.734513	0.469804	56.738281	176.953125
2982.736515	0.779267	56.738281	176.953125
2982.738516	1.077139	56.738281	176.953125
2982.740522	1.355085	56.738281	176.953125
2982.742520	1.527675	56.738281	176.953125
2982.744521	1.527893	56.738281	176.953125
2982.746521	1.524754	16.772293	0.034741
2983.769088	0.438319	-105.859375	-207.910156
2983.771089	0.748528	-105.859375	-207.910156
2983.773090	1.047716	-105.859375	-207.910156
2983.775088	1.327620	-105.859375	-207.910156
2983.777088	1.520879	-105.859375	-207.910156
2983.779089	1.522061	-105.859375	-207.910156
2983.781088	1.522768	16.750446	0.047057
2984.811177	0.743637	54.101562	173.632812
2984.813182	1.043057	54.101562	173.632812
2984.815187	1.323544	54.101562	173.632812
2984.817192	1.520184	54.101562	173.632812
2984.819190	1.525963	54.101562	173.632812
2984.821190	1.522896	16.751856	0.042493
2985.851791	0.621474	-108.105469	-202.832031
2985.853792	0.926075	-108.105469	-202.832031
2985.855796	1.214387	-108.105469	-202.832031
2985.857791	1.471835	-108.105469	-202.832031
2985.859792	1.529717	-108.105469	-202.832031
2985.861792	1.525671	16.782387	0.383407
2986.885778	0.661450	62.207031	171.191406
2986.887780	0.964514	62.207031	171.191406
2986.889781	1.250163	62.207031	171.191406
2986.891781	1.492116	62.207031	171.191406
2986.893780	1.527464	62.207031	171.191406
2986.895780	1.523802	16.761818	0.588762
2987.932798	0.419900	-109.570312	-198.925781
2987.934803	0.730691	-109.570312	-198.925781
2987.936801	1.030709	-109.570312	-198.925781
2987.938800	1.311905	-109.570312	-198.925781
2987.940802	1.517192	-109.570312	-198.925781
2987.942802	1.526732	-109.570312	-198.925781
2987.944801	1.523472	16.758192	0.042556
2988.960875	0.889891	74.902344	169.726562
2988.962878	1.180586	74.902344	169.726562
2988.964877	1.447622	74.902344	169.726562
2988.966879	1.529456	74.902344	169.726562
2988.968876	1.525086	16.775944	0.043280
2990.019493	1.050015	-112.695312	-198.144531
2990.021494	1.329824	-112.695312	-198.144531
2990.023497	1.521746	-112.695312	-198.144531
2990.025496	1.526355	-112.695312	-198.144531
2990.027495	1.523143	16.754578	0.038104
2991.031505	0.349418	91.894531	170.214844
2991.033504	0.663065	91.894531	170.214844
2991.035504	0.966106	91.894531	170.214844
2991.037504	1.251573	91.894531	170.214844
2991.039506	1.492753	91.894531	170.214844
2991.041504	1.527145	91.894531	170.214844
2991.043505	1.523611	16.759716	0.048972
2992.098075	0.603645	-113.574219	-197.949219
2992.100076	0.909167	-113.574219	-197.949219
2992.102076	1.198576	-113.574219	-197.949219
2992.104075	1.460677	-113.574219	-197.949219
2992.106077	1.528983	-113.574219	-197.949219
2992.110076	1.522379	16.746166	0.284881
2993.106085	0.344575	96.484375	170.800781
2993.108090	0.359785	96.484375	170.800781
2993.110088	0.961567	96.484375	170.800781
2993.112088	1.247437	96.484375	170.800781
2993.114087	1.490453	96.484375	170.800781
2993.116088	1.526913	96.484375	170.800781
2993.118090	1.523344	16.756783	0.046006
2994.178129	0.413286	-115.234375	-198.925781
2994.180130	0.724329	-115.234375	-198.925781
2994.182131	1.024500	-115.234375	-198.925781
2994.184129	1.306167	-115.234375	-198.925781
2994.186131	1.515125	-115.234375	-198.925781
2994.188131	1.526169	-115.234375	-198.925781
2994.190131	1.523071	16.753778	0.032793
2995.184123	0.639445	114.062500	171.191406
2995.186125	0.943307	114.062500	171.191406
2995.188127	1.230261	114.062500	171.191406
2995.190125	1.481082	114.062500	171.191406
2995.192125	1.527733	114.062500	171.191406
2995.194125	1.523901	16.762907	0.044843
2996.256659	0.341156	-116.406250	-200.195312
2996.258661	0.655512	-116.406250	-200.195312
2996.260659	0.958810	-116.406250	-200.195312
2996.262661	1.244867	-116.406250	-200.195312
2996.264661	1.489401	-116.406250	-200.195312
2996.266661	1.527658	-116.406250	-200.195312
2996.268661	1.523877	16.762650	0.035563
2997.260674	0.337858	114.257812	171.875000
2997.262677	0.651982	114.257812	171.875000
2997.264678	0.955365	114.257812	171.875000
2997.268676	1.487532	114.257812	171.875000
2997.270678	1.527335	114.257812	171.875000
2997.272677	1.523622	16.759842	0.042789
2998.339668	0.771431	-115.429687	-200.390625
2998.341672	1.069882	-115.429687	-200.390625
2998.343673	1.348326	-115.429687	-200.390625
2998.345673	1.525444	-115.429687	-200.390625
2998.347676	1.526125	-115.429687	-200.390625
2998.349673	1.523110	16.754206	0.033291
2999.339696	0.508184	120.800781	171.777344
2999.341700	0.816340	120.800781	171.777344
2999.343700	1.112053	120.800781	171.777344
2999.345699	1.388143	120.800781	171.777344
2999.347699	1.529589	120.800781	171.777344
2999.349697	1.526407	16.790478	0.044869
3000.415705	0.633349	-116.015625	-200.488281
3000.417709	0.937590	-116.015625	-200.488281
3000.419707	1.225214	-116.015625	-200.488281
3000.421706	1.478271	-116.015625	-200.488281
3000.423710	1.528453	-116.015625	-200.488281
3000.425715	1.524610	16.770706	0.033727
3001.415759	0.329199	120.507812	171.777344
3001.417762	0.644111	120.507812	171.777344
3001.419766	0.947745	120.507812	171.777344
3001.421769	1.235732	120.507812	171.777344
3001.423770	1.484074	120.507812	171.777344
3001.425769	1.486935	120.507812	171.777344
3001.431769	1.519889	16.718782	0.044559
3002.491783	0.422183	-117.382812	-201.367187
3002.493786	0.732844	-117.382812	-201.367187
3002.495788	1.033053	-117.382812	-201.367187
3002.497793	1.313969	-117.382812	-201.367187
3002.499794	1.518030	-117.382812	-201.367187
3002.503792	1.523292	-117.382812	-201.367187
3002.505795	1.521435	16.735781	0.040042
3003.503840	1.411000	125.683594	170.703125
3003.505842	1.529193	125.683594	170.703125
3003.507842	1.525017	16.775190	0.045928
3004.569860	0.519221	-115.527344	-199.609375
3004.573860	1.122545	-115.527344	-199.609375
3004.575863	1.398124	-115.527344	-199.609375
3004.579865	1.526383	-115.527344	-199.609375
3004.583866	1.521990	16.741886	0.039203
3005.573949	0.240665	101.953125	170.703125
3005.575953	0.561014	101.953125	170.703125
3005.577955	0.869061	101.953125	170.703125
3005.579955	1.161208	101.953125	170.703125
3005.581954	1.432090	101.953125	170.703125
3005.583955	1.529743	101.953125	170.703125
3005.585958	1.525328	16.778603	0.046377
3006.644508	0.276934	-114.746094	-198.828125
3006.648508	0.900334	-114.746094	-198.828125
3006.650509	1.190516	-114.746094	-198.828125
3006.652508	1.454640	-114.746094	-198.828125
3006.654509	1.528221	-114.746094	-198.828125
3006.656509	1.524030	16.764326	0.042323
3007.656502	0.408297	110.156250	169.042969
3007.658505	0.719449	110.156250	169.042969
3007.660506	1.019886	110.156250	169.042969
3007.662505	1.301666	110.156250	169.042969
3007.664505	1.513869	110.156250	169.042969
3007.666506	1.526521	110.156250	169.042969
3007.668504	1.523208	16.755285	0.045403
3008.722521	0.692798	-114.355469	-198.632812
3008.724521	0.994496	-114.355469	-198.632812
3008.726521	1.278180	-114.355469	-198.632812
3008.728521	1.505243	-114.355469	-198.632812
3008.730522	1.527077	-114.355469	-198.632812
3008.732522	1.523608	16.759689	0.038460
3009.739113	0.534856	77.832031	169.335937
3009.741116	0.842394	77.832031	169.335937
3009.743115	1.136388	77.832031	169.335937
3009.745116	1.410712	77.832031	169.335937
3009.747115	1.528911	77.832031	169.335937
3009.749115	1.524843	16.773277	0.044787
3010.798128	0.645828	-113.085937	-199.511719
3010.800128	0.949457	-113.085937	-199.511719
3010.802126	1.236223	-113.085937	-199.511719
3010.804129	1.484535	-113.085937	-199.511719
3010.806131	1.527775	-113.085937	-199.511719
3010.808129	1.523997	16.763969	0.043108
3011.820195	0.423555	82.519531	169.238281
3011.822197	0.734343	82.519531	169.238281
3011.824197	1.034180	82.519531	169.238281
3011.826196	1.315056	82.519531	169.238281
3011.828196	1.517741	82.519531	169.238281
3011.830196	1.526077	82.519531	169.238281
3011.832196	1.522960	16.752565	0.047293
3012.870190	0.485851	-108.691406	-200.878906
3012.872194	0.794488	-108.691406	-200.878906
3012.874193	1.091972	-108.691406	-200.878906
3012.876194	1.368906	-108.691406	-200.878906
3012.878194	1.528386	-108.691406	-200.878906
3012.880194	1.526424	16.790665	0.046131
3013.902223	0.422337	67.968750	170.898437
3013.904224	0.732888	67.968750	170.898437
3013.906224	1.032901	67.968750	170.898437
3013.908224	1.313855	67.968750	170.898437
3013.910223	1.517580	67.968750	170.898437
3013.914222	1.523162	67.968750	170.898437
3013.916225	1.521183	16.733015	0.044875
3014.944211	0.305689	-107.714844	-204.687500
3014.946212	0.621597	-107.714844	-204.687500
3014.948214	0.631341	-107.714844	-204.687500
3014.950213	1.214587	-107.714844	-204.687500
3014.952213	1.471371	-107.714844	-204.687500
3014.956214	1.524050	-107.714844	-204.687500
3014.958214	1.521827	16.740095	0.046029
3015.984247	0.497548	53.125000	173.925781
3015.986252	0.806033	53.125000	173.925781
3015.988257	1.102787	53.125000	173.925781
3015.990262	1.380572	53.125000	173.925781
3015.992261	1.529220	53.125000	173.925781
3015.994261	1.526359	16.789946	0.043432
3017.022314	0.535547	-106.640625	-210.058594
3017.024316	0.843119	-106.640625	-210.058594
3017.028315	1.411328	-106.640625	-210.058594
3017.030316	1.528664	-106.640625	-210.058594
3017.032316	1.524544	16.769987	0.047373
3018.062424	0.373014	51.953125	178.417969
3018.064426	0.685632	51.953125	178.417969
3018.066427	0.987549	51.953125	178.417969
3018.068427	1.271600	51.953125	178.417969
3018.070427	1.502246	51.953125	178.417969
3018.072427	1.526704	51.953125	178.417969
3018.074430	1.523376	16.757139	0.041422
3019.098973	0.454258	-105.468750	-216.015625
3019.100974	0.764063	-105.468750	-216.015625
3019.102974	1.062486	-105.468750	-216.015625
3019.104975	1.341456	-105.468750	-216.015625
3019.106981	1.523898	-105.468750	-216.015625
3019.108984	1.525760	-105.468750	-216.015625
3019.110989	1.522819	16.751005	0.047709
3020.140989	0.708137	56.933594	183.007812
3020.142991	1.009061	56.933594	183.007812
3020.144991	1.291775	56.933594	183.007812
3020.146992	1.510153	56.933594	183.007812
3020.148992	1.526168	56.933594	183.007812
3020.150990	1.522999	16.752991	0.040486
3021.183530	0.801832	-104.101562	-220.703125
3021.185531	1.098760	-104.101562	-220.703125
3021.187531	1.375287	-104.101562	-220.703125
3021.191530	1.526032	-104.101562	-220.703125
3021.193532	1.523243	16.755676	0.043193
3022.213572	0.390297	77.441406	185.742187
3022.215576	0.701997	77.441406	185.742187
3022.217574	1.003399	77.441406	185.742187
3022.219574	1.286335	77.441406	185.742187
3022.221574	1.508605	77.441406	185.742187
3022.223576	1.527112	77.441406	185.742187
3022.225581	1.523636	16.760000	0.042873
3023.267637	0.957921	-106.152344	-225.585937
3023.269640	1.243977	-106.152344	-225.585937
3023.271640	1.488501	-106.152344	-225.585937
3023.273640	1.526870	-106.152344	-225.585937
3023.275640	1.523263	16.755888	0.039400
3024.295683	1.445880	93.261719	186.621094
3024.297684	1.528323	93.261719	186.621094
3024.299685	1.524026	16.764290	0.180257
3025.343754	0.442047	-106.933594	-226.855469
3025.345754	0.752119	-106.933594	-226.855469
3025.347756	1.051160	-106.933594	-226.855469
3025.349754	1.330934	-106.933594	-226.855469
3025.351755	1.522271	-106.933594	-226.855469
3025.353756	1.526740	-106.933594	-226.855469
3025.355756	1.523468	16.758148	0.037474
3026.363793	0.541207	91.308594	187.890625
3026.365794	0.848814	91.308594	187.890625
3026.367794	1.142325	91.308594	187.890625
3026.369794	1.416000	91.308594	187.890625
3026.371794	1.529497	91.308594	187.890625
3026.373800	1.525427	16.779701	0.044161
3027.425826	0.405490	-108.789062	-227.148437
3027.427826	0.716718	-108.789062	-227.148437
3027.429829	1.017445	-108.789062	-227.148437
3027.431826	1.299418	-108.789062	-227.148437
3027.433827	1.513020	-108.789062	-227.148437
3027.435827	1.526422	-108.789062	-227.148437
3027.439825	1.521232	16.733557	0.036573
3028.438693	0.344272	100.390625	186.914062
3028.440693	0.658132	100.390625	186.914062
3028.442694	0.961163	100.390625	186.914062
3028.444696	1.247141	100.390625	186.914062
3028.446693	1.490428	100.390625	186.914062
3028.448694	1.527238	100.390625	186.914062
3028.450695	1.523530	16.758831	0.044711
3029.508714	0.656236	-110.351562	-225.097656
3029.510716	0.959431	-110.351562	-225.097656
3029.512716	1.245497	-110.351562	-225.097656
3029.516714	1.527433	-110.351562	-225.097656
3029.518718	1.523697	-110.351562	-225.097656
3029.520716	1.521626	16.737881	0.560530
3030.514763	0.371142	112.890625	185.644531
3030.516765	0.683636	112.890625	185.644531
3030.518766	0.985580	112.890625	185.644531
3030.520764	1.269802	112.890625	185.644531
3030.522767	1.501279	112.890625	185.644531
3030.524766	1.526355	112.890625	185.644531
3030.526765	1.523074	16.753815	0.044291
3031.586772	0.672087	-109.863281	-222.460937
3031.588774	0.974559	-109.863281	-222.460937
3031.590775	1.259630	-109.863281	-222.460937
3031.592774	1.496906	-109.863281	-222.460937
3031.594775	1.502010	-109.863281	-222.460937
3031.596774	1.523727	16.760994	0.036722
3032.592817	0.547377	122.558594	184.570312
3032.594819	0.854782	122.558594	184.570312
3032.596819	1.147864	122.558594	184.570312
3032.600817	1.529827	122.558594	184.570312
3032.602819	1.525661	122.558594	184.570312
3032.604819	1.523145	16.754595	0.044864
3033.664848	0.652358	-111.328125	-221.875000
3033.666849	0.955675	-111.328125	-221.875000
3033.668849	1.241950	-111.328125	-221.875000
3033.670848	1.487516	-111.328125	-221.875000
3033.672848	1.527500	-111.328125	-221.875000
3033.674848	1.523736	16.761091	0.037098
3034.669409	0.496453	120.898437	184.179687
3034.671410	0.804958	120.898437	184.179687
3034.673409	1.101514	120.898437	184.179687
3034.677407	1.528088	120.898437	184.179687
3034.679410	1.525406	120.898437	184.179687
3034.681412	1.522682	16.749498	0.043255
3035.745435	0.585486	-110.546875	-220.996094
3035.747437	0.891521	-110.546875	-220.996094
3035.749438	1.182377	-110.546875	-220.996094
3035.751436	1.448887	-110.546875	-220.996094
3035.753436	1.529331	-110.546875	-220.996094
3035.755438	1.525029	16.775314	0.196247
3036.749438	0.738282	106.347656	184.667969
3036.751442	1.037848	106.347656	184.667969
3036.753440	1.318405	106.347656	184.667969
3036.755440	1.519005	106.347656	184.667969
3036.757441	1.526511	106.347656	184.667969
3036.759440	1.526376	16.790142	0.047786
3037.822007	0.528520	-111.328125	-221.777344
3037.824009	0.836307	-111.328125	-221.777344
3037.826009	1.130780	-111.328125	-221.777344
3037.828009	1.405669	-111.328125	-221.777344
3037.832007	1.526395	-111.328125	-221.777344
3037.834009	1.523716	16.760878	0.040071
3038.826653	0.254276	117.480469	184.570312
3038.828655	0.573582	117.480469	184.570312
3038.830655	0.880382	117.480469	184.570312
3038.832653	1.171762	117.480469	184.570312
3038.834654	1.440711	117.480469	184.570312
3038.836654	1.529947	117.480469	184.570312
3038.838654	1.525759	16.783352	0.046239
3039.898688	0.489090	-109.667969	-222.167969
3039.900690	0.797721	-109.667969	-222.167969
3039.902689	1.094766	-109.667969	-222.167969
3039.904690	1.371355	-109.667969	-222.167969
3039.906689	1.527531	-109.667969	-222.167969
3039.908690	1.525245	16.777699	0.038593
3040.906697	0.589736	98.144531	186.621094
3040.908698	0.895737	98.144531	186.621094
3040.910699	1.186099	98.144531	186.621094
3040.912699	1.451505	98.144531	186.621094
3040.914699	1.529016	98.144531	186.621094
3040.916698	1.528839	16.817225	0.043167
3041.977209	0.577226	-109.375000	-223.730469
3041.979211	0.883815	-109.375000	-223.730469
3041.981212	1.175014	-109.375000	-223.730469
3041.983212	1.443321	-109.375000	-223.730469
3041.985212	1.529908	-109.375000	-223.730469
3041.987212	1.525603	16.781633	0.160098
3042.989205	0.893980	107.324219	187.304687
3042.991207	1.184627	107.324219	187.304687
3042.995205	1.528764	107.324219	187.304687
3042.997206	1.524456	107.324219	187.304687
3042.999206	1.522166	16.743828	0.045066
3044.053237	0.557384	-108.300781	-226.074219
3044.055240	0.864574	-108.300781	-226.074219
3044.057239	1.157032	-108.300781	-226.074219
3044.059241	1.428713	-108.300781	-226.074219
3044.061240	1.529569	-108.300781	-226.074219
3044.063240	1.525255	16.777805	0.038789
3045.065816	0.288022	93.945312	188.378906
3045.069816	0.910350	93.945312	188.378906
3045.071821	1.199693	93.945312	188.378906
3045.073824	1.461808	93.945312	188.378906
3045.075826	1.527952	93.945312	188.378906
3045.079824	1.521496	16.736454	0.045887
3046.129883	0.669349	-107.031250	-226.562500
3046.131884	0.937585	-107.031250	-226.562500
3046.133885	1.225081	-107.031250	-226.562500
3046.135886	1.477780	-107.031250	-226.562500
3046.137885	1.527639	-107.031250	-226.562500
3046.139885	1.523760	16.761356	0.038580
3047.148541	0.437550	75.488281	188.769531
3047.150543	0.747522	75.488281	188.769531
3047.152543	1.046678	75.488281	188.769531
3047.154541	1.326660	75.488281	188.769531
3047.156544	1.520561	75.488281	188.769531
3047.158544	1.525625	75.488281	188.769531
3047.160544	1.522733	16.750065	0.043162
3048.203495	0.555303	-105.761719	-225.683594
3048.205496	0.862705	-105.761719	-225.683594
3048.207495	1.155305	-105.761719	-225.683594
3048.209496	1.427297	-105.761719	-225.683594
3048.211497	1.530373	-105.761719	-225.683594
3048.213497	1.526069	16.786755	0.040818
3049.231518	0.702889	80.371094	186.914062
3049.233520	1.004127	80.371094	186.914062
3049.235520	1.286949	80.371094	186.914062
3049.237522	1.508510	80.371094	186.914062
3049.239519	1.526381	80.371094	186.914062
3049.241520	1.523151	16.754665	0.042029
3050.275541	0.350664	-105.957031	-223.144531
3050.277541	0.664133	-105.957031	-223.144531
3050.279542	0.966965	-105.957031	-223.144531
3050.283541	1.493415	-105.957031	-223.144531
3050.287542	1.524100	-105.957031	-223.144531
3050.289541	1.522059	16.742649	0.043869
3051.311633	0.521577	59.570312	184.082031
3051.313634	0.829774	59.570312	184.082031
3051.315636	1.124667	59.570312	184.082031
3051.317635	1.399911	59.570312	184.082031
3051.319635	1.528530	59.570312	184.082031
3051.323633	1.522106	16.743170	0.044013
3052.353644	0.655598	-106.152344	-218.750000
3052.355647	0.958766	-106.152344	-218.750000
3052.359644	1.489127	-106.152344	-218.750000
3052.361646	1.527220	-106.152344	-218.750000
3052.363646	1.523555	16.759106	0.044428
3053.394202	0.643373	41.113281	180.273437
3053.396205	0.947073	41.113281	180.273437
3053.398204	1.233833	41.113281	180.273437
3053.400204	1.483059	41.113281	180.273437
3053.402206	1.527531	41.113281	180.273437
3053.404206	1.523736	16.761091	0.043835
3054.429241	0.367169	-107.324219	-213.867187
3054.431242	0.680070	-107.324219	-213.867187
3054.433242	0.982281	-107.324219	-213.867187
3054.435242	1.266678	-107.324219	-213.867187
3054.437240	1.499983	-107.324219	-213.867187
3054.439242	1.526634	-107.324219	-213.867187
3054.441242	1.523180	16.754984	0.050039
3055.471790	0.625594	39.355469	176.074219
3055.473793	0.929989	39.355469	176.074219
3055.475793	1.218058	39.355469	176.074219
3055.477794	1.473676	39.355469	176.074219
3055.479793	1.528221	39.355469	176.074219
3055.481792	1.524193	16.766125	0.396967
3056.509887	0.668361	-108.007812	-208.496094
3056.511887	0.970999	-108.007812	-208.496094
3056.513887	1.256262	-108.007812	-208.496094
3056.515887	1.494916	-108.007812	-208.496094
3056.517889	1.527005	-108.007812	-208.496094
3056.519894	1.523372	16.757093	0.045812
3057.546488	0.315001	40.234375	172.949219
3057.548490	0.630776	40.234375	172.949219
3057.550488	0.934957	40.234375	172.949219
3057.552489	1.222665	40.234375	172.949219
3057.554490	1.476494	40.234375	172.949219
3057.558488	1.524000	40.234375	172.949219
3057.560488	1.521744	16.739183	0.044959
3058.588533	0.576649	-109.667969	-204.296875
3058.590534	0.883354	-109.667969	-204.296875
3058.592535	1.174495	-109.667969	-204.296875
3058.594533	1.442761	-109.667969	-204.296875
3058.596535	1.528781	-109.667969	-204.296875
3058.598534	1.524448	16.768925	0.043733
3059.623522	0.374221	57.128906	170.117187
3059.625524	0.686601	57.128906	170.117187
3059.627523	0.988522	57.128906	170.117187
3059.629524	1.272851	57.128906	170.117187
3059.633523	1.527032	57.128906	170.117187
3059.635524	1.523462	57.128906	170.117187
3059.637525	1.521462	16.736082	0.044033
3060.673581	0.841478	-110.937500	-201.562500
3060.675583	1.135530	-110.937500	-201.562500
3060.677583	1.409958	-110.937500	-201.562500
3060.679583	1.530447	-110.937500	-201.562500
3060.681584	1.526386	16.790247	0.041243
3061.699637	0.881272	75.292969	169.042969
3061.701640	0.893993	75.292969	169.042969
3061.703640	1.441463	75.292969	169.042969
3061.705640	1.530044	75.292969	169.042969
3061.707640	1.525796	16.783760	0.047748
3062.751641	0.383617	-111.914062	-199.414062
3062.753643	0.695536	-111.914062	-199.414062
3062.755642	0.996980	-111.914062	-199.414062
3062.757643	1.280402	-111.914062	-199.414062
3062.759643	1.506423	-111.914062	-199.414062
3062.761643	1.527432	-111.914062	-199.414062
3062.763641	1.523946	16.763405	0.039974
3063.771637	0.315003	81.347656	168.847656
3063.773638	0.630353	81.347656	168.847656
3063.777635	1.222307	81.347656	168.847656
3063.779637	1.476306	81.347656	168.847656
3063.781637	1.528163	81.347656	168.847656
3063.783635	1.524312	16.767427	0.047255
3064.833693	0.582862	-113.867187	-199.414062
3064.837692	1.179922	-113.867187	-199.414062
3064.839695	1.446994	-113.867187	-199.414062
3064.841694	1.528890	-113.867187	-199.414062
3064.843694	1.528731	16.816046	0.039405
3065.847694	0.382593	96.484375	168.945312
3065.849697	0.694818	96.484375	168.945312
3065.851697	0.996262	96.484375	168.945312
3065.853697	1.279677	96.484375	168.945312
3065.855698	1.505824	96.484375	168.945312
3065.857697	1.527091	96.484375	168.945312
3065.861696	1.521606	16.737667	0.047649
3066.913681	0.340739	-115.527344	-199.511719
3066.915683	0.655105	-115.527344	-199.511719
3066.917684	0.958330	-115.527344	-199.511719
3066.919683	1.244411	-115.527344	-199.511719
3066.921682	1.488933	-115.527344	-199.511719
3066.923684	1.527307	-115.527344	-199.511719
3066.925683	1.523688	16.760567	0.033887
3067.924591	0.457868	99.902344	169.335937
3067.928594	1.066424	99.902344	169.335937
3067.930597	1.345105	99.902344	169.335937
3067.932595	1.524171	99.902344	169.335937
3067.936596	1.522480	99.902344	169.335937
3067.938597	1.520543	16.725969	0.044833
3068.994637	0.769514	-115.820312	-199.609375
3068.996638	1.067835	-115.820312	-199.609375
3068.998638	1.346288	-115.820312	-199.609375
3069.000639	1.524847	-115.820312	-199.609375
3069.002638	1.525850	-115.820312	-199.609375
3069.004638	1.522947	16.752415	0.032466
3070.001127	0.515798	109.082031	169.628906
3070.003130	0.823873	109.082031	169.628906
3070.005129	1.119072	109.082031	169.628906
3070.007130	1.394691	109.082031	169.628906
3070.009129	1.528413	109.082031	169.628906
3070.011130	1.524800	16.772799	0.043536
3071.073186	0.583829	-115.136719	-199.218750
3071.075187	0.890042	-115.136719	-199.218750
3071.077188	1.180804	-115.136719	-199.218750
3071.079187	1.447756	-115.136719	-199.218750
3071.081186	1.529748	-115.136719	-199.218750
3071.083189	1.525538	16.780914	0.192722
3072.079154	0.366928	115.234375	169.921875
3072.081155	0.679750	115.234375	169.921875
3072.083154	0.982007	115.234375	169.921875
3072.085154	1.266385	115.234375	169.921875
3072.087154	1.501156	115.234375	169.921875
3072.089154	1.529371	115.234375	169.921875
3072.091153	1.525835	16.784185	0.044261
3073.153164	0.817693	-115.332031	-199.316406
3073.155167	1.113437	-115.332031	-199.316406
3073.157166	1.389360	-115.332031	-199.316406
3073.159166	1.528671	-115.332031	-199.316406
3073.161167	1.525175	16.776928	0.035423
3074.159217	0.376193	111.816406	169.531250
3074.161219	0.688500	111.816406	169.531250
3074.163220	0.990217	111.816406	169.531250
3074.165221	1.274090	111.816406	169.531250
3074.167221	1.503421	111.816406	169.531250
3074.169219	1.527016	111.816406	169.531250
3074.171220	1.523567	16.759237	0.043203
3075.227244	0.335672	-116.406250	-200.195312
3075.229247	0.649970	-116.406250	-200.195312
3075.231246	0.953520	-116.406250	-200.195312
3075.233246	1.239898	-116.406250	-200.195312
3075.235245	1.486527	-116.406250	-200.195312
3075.237244	1.527493	-116.406250	-200.195312
3075.239246	1.523773	16.761499	0.036746
3076.237319	0.401785	103.515625	169.042969
3076.239320	0.713172	103.515625	169.042969
3076.243320	1.296113	103.515625	169.042969
3076.245320	1.511467	103.515625	169.042969
3076.247321	1.525759	103.515625	169.042969
3076.249320	1.522672	16.749393	0.045261
3077.305345	0.640712	-115.722656	-199.902344
3077.307347	0.944519	-115.722656	-199.902344
3077.309348	1.231554	-115.722656	-199.902344
3077.311347	1.481754	-115.722656	-199.902344
3077.313346	1.527725	-115.722656	-199.902344
3077.315346	1.523914	16.763058	0.040515
3078.317899	0.286340	89.453125	169.238281
3078.319901	0.603467	89.453125	169.238281
3078.321900	0.908900	89.453125	169.238281
3078.323902	1.198230	89.453125	169.238281
3078.325902	1.460237	89.453125	169.238281
3078.327901	1.527931	89.453125	169.238281
3078.329901	1.523930	16.763227	0.044680
3079.383959	0.856087	-113.964844	-199.218750
3079.385959	1.149059	-113.964844	-199.218750
3079.389957	1.529437	-113.964844	-199.218750
3079.391960	1.525104	-113.964844	-199.218750
3079.393959	1.522764	16.750402	0.038042
3080.402517	0.963772	74.121094	169.335937
3080.404520	1.249446	74.121094	169.335937
3080.406518	1.491637	74.121094	169.335937
3080.408519	1.527319	74.121094	169.335937
3080.410519	1.523676	16.760435	0.045390
3081.459074	0.854659	-112.402344	-199.902344
3081.461075	1.147868	-112.402344	-199.902344
3081.463076	1.420819	-112.402344	-199.902344
3081.465077	1.530291	-112.402344	-199.902344
3081.467077	1.526030	16.786331	0.040352
3082.479605	0.356446	76.464844	169.531250
3082.481606	0.669678	76.464844	169.531250
3082.483608	0.972216	76.464844	169.531250
3082.485607	1.257460	76.464844	169.531250
3082.487608	1.495890	76.464844	169.531250
3082.489607	1.527569	76.464844	169.531250
3082.491606	1.523943	16.763378	0.046440
3083.529683	0.266291	-108.691406	-200.390625
3083.531684	0.584584	-108.691406	-200.390625
3083.533685	0.890778	-108.691406	-200.390625
3083.535685	1.181506	-108.691406	-200.390625
3083.537684	1.448309	-108.691406	-200.390625
3083.541682	1.525078	-108.691406	-200.390625
3083.543684	1.522758	16.750341	0.044484
3084.561700	0.322379	69.042969	170.996094
3084.563702	0.637582	69.042969	170.996094
3084.565701	0.941477	69.042969	170.996094
3084.567703	1.228705	69.042969	170.996094
3084.569702	1.480000	69.042969	170.996094
3084.573701	1.523543	69.042969	170.996094
3084.575701	1.521397	16.735373	0.043684
3085.607775	0.653079	-108.593750	-204.003906
3085.611776	0.964307	-108.593750	-204.003906
3085.613775	1.487759	-108.593750	-204.003906
3085.615777	1.527052	-108.593750	-204.003906
3085.617776	1.523463	16.758095	0.044963
3086.642417	0.313075	44.335937	173.242187
3086.644418	0.628853	44.335937	173.242187
3086.646421	0.933131	44.335937	173.242187
3086.648421	1.220860	44.335937	173.242187
3086.650421	1.475376	44.335937	173.242187
3086.652421	1.527220	44.335937	173.242187
3086.654422	1.523369	16.757059	0.043383
3087.681003	0.269692	-107.812500	-207.812500
3087.683005	0.588088	-107.812500	-207.812500
3087.685005	0.894087	-107.812500	-207.812500
3087.687005	1.184584	-107.812500	-207.812500
3087.689005	1.450364	-107.812500	-207.812500
3087.691005	1.528575	-107.812500	-207.812500
3087.693004	1.524345	16.767790	0.046675
3088.723011	0.284408	56.152344	176.074219
3088.725013	0.601624	56.152344	176.074219
3088.727013	0.907095	56.152344	176.074219
3088.729014	1.196690	56.152344	176.074219
3088.731014	1.459062	56.152344	176.074219
3088.733014	1.528117	56.152344	176.074219
3088.735014	1.523868	16.762543	0.041729
3089.759011	0.404670	-105.468750	-211.914062
3089.761013	0.715854	-105.468750	-211.914062
3089.763012	1.016415	-105.468750	-211.914062
3089.765013	1.298380	-105.468750	-211.914062
3089.767014	1.512762	-105.468750	-211.914062
3089.769014	1.526564	-105.468750	-211.914062
3089.771013	1.523267	16.755941	0.048900
3090.803055	0.811864	48.242187	180.371094
3090.805055	1.107948	48.242187	180.371094
3090.807056	1.384140	48.242187	180.371094
3090.809055	1.528934	48.242187	180.371094
3090.811054	1.525823	16.784054	0.042127
3091.839105	0.294460	-105.273437	-217.578125
3091.841106	0.611315	-105.273437	-217.578125
3091.843105	0.916350	-105.273437	-217.578125
3091.845107	1.205240	-105.273437	-217.578125
3091.847107	1.465120	-105.273437	-217.578125
3091.849108	1.528179	-105.273437	-217.578125
3091.851105	1.524033	16.764360	0.043495
3092.879694	0.571411	49.316406	183.984375
3092.881696	0.878339	49.316406	183.984375
3092.883698	1.169865	49.316406	183.984375
3092.887694	1.531893	49.316406	183.984375
3092.889696	1.527817	49.316406	183.984375
3092.891696	1.525037	16.775404	0.039237
3093.920672	0.583671	-105.957031	-221.777344
3093.922673	0.889956	-105.957031	-221.777344
3093.924674	1.180712	-105.957031	-221.777344
3093.926674	1.447464	-105.957031	-221.777344
3093.928674	1.451139	-105.957031	-221.777344
3093.930673	1.524601	16.770609	0.186399
3094.954745	0.677953	63.964844	186.328125
3094.956746	0.980106	63.964844	186.328125
3094.960745	1.498954	63.964844	186.328125
3094.962747	1.526561	63.964844	186.328125
3094.964748	1.523045	16.753496	0.046925
3096.002774	0.672128	-106.250000	-225.390625
3096.004778	0.974588	-106.250000	-225.390625
3096.008777	1.496750	-106.250000	-225.390625
3096.010777	1.527223	-106.250000	-225.390625
3096.012776	1.523665	16.760311	0.648043
3097.026772	0.307635	82.421875	187.207031
3097.028771	0.623569	82.421875	187.207031
3097.030772	0.928148	82.421875	187.207031
3097.032773	1.216276	82.421875	187.207031
3097.034772	1.472225	82.421875	187.207031
3097.036772	1.527562	82.421875	187.207031
3097.038771	1.523518	16.758698	0.046673
3098.082818	0.440741	-106.542969	-226.953125
3098.084823	0.751029	-106.542969	-226.953125
3098.086820	1.050470	-106.542969	-226.953125
3098.088822	1.330132	-106.542969	-226.953125
3098.090820	1.521698	-106.542969	-226.953125
3098.092821	1.526033	-106.542969	-226.953125
3098.094820	1.523048	16.753531	0.037591
3099.102887	0.343160	84.179687	188.183594
3099.104889	0.657361	84.179687	188.183594
3099.106888	0.960402	84.179687	188.183594
3099.108890	1.246334	84.179687	188.183594
3099.110888	1.489886	84.179687	188.183594
3099.112889	1.527041	84.179687	188.183594
3099.114889	1.523406	16.757465	0.046776
3100.160941	0.302605	-107.421875	-227.539062
3100.164942	0.923958	-107.421875	-227.539062
3100.166945	1.212413	-107.421875	-227.539062
3100.168943	1.470047	-107.421875	-227.539062
3100.170944	1.528370	-107.421875	-227.539062
3100.172945	1.524256	16.766815	0.043619
3101.178988	0.417311	91.503906	188.671875
3101.182987	1.027960	91.503906	188.671875
3101.184990	1.309187	91.503906	188.671875
3101.186988	1.516153	91.503906	188.671875
3101.188989	1.526334	91.503906	188.671875
3101.190988	1.523257	16.755825	0.043905
3102.247081	0.745268	-108.886719	-227.636719
3102.249082	1.044702	-108.886719	-227.636719
3102.251081	1.324797	-108.886719	-227.636719
3102.253082	1.520690	-108.886719	-227.636719
3102.255081	1.526425	-108.886719	-227.636719
3102.257082	1.523301	16.756313	0.037621
3103.255132	0.415242	105.078125	187.597656
3103.257135	0.726027	105.078125	187.597656
3103.259132	1.026175	105.078125	187.597656
3103.261134	1.307540	105.078125	187.597656
3103.263132	1.515561	105.078125	187.597656
3103.265135	1.526141	105.078125	187.597656
3103.267135	1.522982	16.752804	0.047016
3104.325144	0.837522	-109.375000	-227.050781
3104.327148	1.131840	-109.375000	-227.050781
3104.329148	1.406710	-109.375000	-227.050781
3104.331147	1.412817	-109.375000	-227.050781
3104.333147	1.526513	16.791649	0.036232
3105.333734	0.477266	107.324219	187.597656
3105.335735	0.786318	107.324219	187.597656
3105.337736	1.083725	107.324219	187.597656
3105.341741	1.527130	107.324219	187.597656
3105.343744	1.525767	107.324219	187.597656
3105.345743	1.522930	16.752230	0.046481
3106.401810	0.320479	-108.691406	-225.976562
3106.403812	0.635708	-108.691406	-225.976562
3106.405812	0.939796	-108.691406	-225.976562
3106.407811	1.227101	-108.691406	-225.976562
3106.409812	1.479091	-108.691406	-225.976562
3106.411811	1.527483	-108.691406	-225.976562
3106.413813	1.523545	16.758999	0.038007
3107.409850	0.303838	110.742187	187.207031
3107.411851	0.619892	110.742187	187.207031
3107.415850	1.212925	110.742187	187.207031
3107.417852	1.470131	110.742187	187.207031
3107.419853	1.527512	110.742187	187.207031
3107.421854	1.523470	16.758175	0.044185
3108.481904	0.694876	-108.300781	-225.585937
3108.483905	0.996529	-108.300781	-225.585937
3108.485905	1.279903	-108.300781	-225.585937
3108.487905	1.505775	-108.300781	-225.585937
3108.489905	1.526690	-108.300781	-225.585937
3108.491904	1.523305	16.756359	0.037529
3109.489989	0.408187	87.109375	187.988281
3109.491992	0.719430	87.109375	187.988281
3109.493991	1.019934	87.109375	187.988281
3109.495990	1.301784	87.109375	187.988281
3109.497991	1.513803	87.109375	187.988281
3109.499991	1.526393	87.109375	187.988281
3109.501992	1.523204	16.755241	0.047089
3110.560054	0.725715	-108.691406	-226.367187
3110.562057	1.025891	-108.691406	-226.367187
3110.564056	1.307333	-108.691406	-226.367187
3110.566055	1.515432	-108.691406	-226.367187
3110.568058	1.526133	-108.691406	-226.367187
3110.570058	1.523007	16.753078	0.040925
3111.568092	0.432435	106.542969	187.890625
3111.570092	0.742680	106.542969	187.890625
3111.572093	1.042039	106.542969	187.890625
3111.574092	1.322339	106.542969	187.890625
3111.576092	1.519655	106.542969	187.890625
3111.578092	1.525954	106.542969	187.890625
3111.580091	1.522832	16.751146	0.045367
3112.636133	0.475066	-108.203125	-227.246094
3112.638136	0.784268	-108.203125	-227.246094
3112.640136	1.081829	-108.203125	-227.246094
3112.642140	1.359485	-108.203125	-227.246094
3112.644142	1.527020	-108.203125	-227.246094
3112.646141	1.525932	16.785250	0.037724
3113.648162	0.362747	102.148437	188.183594
3113.650164	0.675713	102.148437	188.183594
3113.652164	0.978087	102.148437	188.183594
3113.654162	1.262686	102.148437	188.183594
3113.656163	1.498198	102.148437	188.183594
3113.658163	1.526662	102.148437	188.183594
3113.660163	1.523325	16.756571	0.045664
3114.712185	0.377413	-108.398437	-228.613281
3114.714189	0.689651	-108.398437	-228.613281
3114.716187	0.991451	-108.398437	-228.613281
3114.718187	1.275185	-108.398437	-228.613281
3114.720187	1.503670	-108.398437	-228.613281
3114.722187	1.526523	-108.398437	-228.613281
3114.724187	1.523122	16.754337	0.038985
3115.728250	0.536251	87.109375	188.476562
3115.730250	0.843771	87.109375	188.476562
3115.732250	1.137590	87.109375	188.476562
3115.734251	1.411941	87.109375	188.476562
3115.736251	1.530006	87.109375	188.476562
3115.738250	1.525999	16.785994	0.046338
3116.788265	0.364647	-107.324219	-228.417969
3116.790268	0.677574	-107.324219	-228.417969
3116.792268	0.979870	-107.324219	-228.417969
3116.794269	1.264501	-107.324219	-228.417969
3116.798266	1.526930	-107.324219	-228.417969
3116.800268	1.523377	-107.324219	-228.417969
3116.802268	1.521380	16.735176	0.037265
3117.810296	0.576222	79.492187	188.281250
3117.814298	1.174013	79.492187	188.281250
3117.816299	1.442569	79.492187	188.281250
3117.818299	1.530271	79.492187	188.281250
3117.820298	1.526067	16.786739	0.160499
3118.864343	0.350579	-106.054687	-226.464844
3118.866344	0.664201	-106.054687	-226.464844
3118.870343	1.252559	-106.054687	-226.464844
3118.872345	1.493195	-106.054687	-226.464844
3118.874346	1.527043	-106.054687	-226.464844
3118.876345	1.526905	16.795954	0.040591
3119.890375	0.510618	55.957031	187.304687
3119.892376	0.818685	55.957031	187.304687
3119.894377	1.114245	55.957031	187.304687
3119.896376	1.390104	55.957031	187.304687
3119.898376	1.529144	55.957031	187.304687
3119.900376	1.525645	16.782093	0.042509
3120.940411	0.458492	-106.152344	-224.414062
3120.942414	0.768153	-106.152344	-224.414062
3120.944414	1.066589	-106.152344	-224.414062
3120.946414	1.345209	-106.152344	-224.414062
3120.948414	1.524353	-106.152344	-224.414062
3120.950415	1.525564	-106.152344	-224.414062
3120.952414	1.522638	16.749020	0.041505
3121.974435	0.899099	63.378906	183.691406
3121.976438	1.189120	63.378906	183.691406
3121.978440	1.454245	63.378906	183.691406
3121.980438	1.529938	63.378906	183.691406
3121.982440	1.525684	16.782528	0.043839
3123.014475	0.490856	-105.664062	-219.628906
3123.016476	0.799655	-105.664062	-219.628906
3123.018475	1.096470	-105.664062	-219.628906
3123.020476	1.373058	-105.664062	-219.628906
3123.022478	1.527740	-105.664062	-219.628906
3123.024477	1.525307	16.778372	0.043027
3124.056479	0.819034	47.851562	180.761719
3124.058480	1.114643	47.851562	180.761719
3124.060481	1.390500	47.851562	180.761719
3124.062480	1.396211	47.851562	180.761719
3124.064482	1.526112	16.787233	0.041755
3125.091071	0.517849	-107.617187	-215.820312
3125.095070	1.121053	-107.617187	-215.820312
3125.097071	1.396513	-107.617187	-215.820312
3125.099072	1.529387	-107.617187	-215.820312
3125.101072	1.525688	16.782572	0.049458
3126.131637	0.664839	53.515625	176.757812
3126.133639	0.967652	53.515625	176.757812
3126.135638	1.253145	53.515625	176.757812
3126.137638	1.493641	53.515625	176.757812
3126.139638	1.527404	53.515625	176.757812
3126.141639	1.523751	16.761259	0.048503
3127.169708	0.342103	-107.324219	-211.230469
3127.171707	0.656124	-107.324219	-211.230469
3127.173707	0.959208	-107.324219	-211.230469
3127.175709	1.245137	-107.324219	-211.230469
3127.177707	1.489438	-107.324219	-211.230469
3127.179709	1.527489	-107.324219	-211.230469
3127.181710	1.523818	16.762003	0.046971
3128.209744	0.530222	48.242187	174.218750
3128.211747	0.838035	48.242187	174.218750
3128.213748	1.132218	48.242187	174.218750
3128.215745	1.406873	48.242187	174.218750
3128.217747	1.530066	48.242187	174.218750
3128.219747	1.526206	16.788261	0.041071
3129.249833	0.485662	-108.886719	-207.421875
3129.251835	0.794442	-108.886719	-207.421875
3129.253835	1.091611	-108.886719	-207.421875
3129.255836	1.368591	-108.886719	-207.421875
3129.257837	1.527729	-108.886719	-207.421875
3129.259835	1.525792	16.783716	0.045139
3130.286390	0.527828	45.898437	171.875000
3130.290390	1.130085	45.898437	171.875000
3130.292392	1.405091	45.898437	171.875000
3130.294394	1.529453	45.898437	171.875000
3130.296393	1.525512	16.780632	0.042316
3131.329386	0.290087	-108.789062	-203.417969
3131.331389	0.607260	-108.789062	-203.417969
3131.333389	0.912502	-108.789062	-203.417969
3131.335390	1.201714	-108.789062	-203.417969
3131.341388	1.524014	-108.789062	-203.417969
3131.343398	1.521857	-108.789062	-203.417969
3131.345404	1.520183	16.722017	0.043954
3132.359421	0.398982	46.777344	170.605469
3132.361424	0.710439	46.777344	170.605469
3132.363423	1.011195	46.777344	170.605469
3132.365423	1.293660	46.777344	170.605469
3132.367424	1.510802	46.777344	170.605469
3132.369423	1.526270	46.777344	170.605469
3132.371423	1.522949	16.752441	0.044110
3133.411398	0.528888	-110.742187	-201.562500
3133.413401	0.836926	-110.742187	-201.562500
3133.415401	1.131343	-110.742187	-201.562500
3133.417400	1.406051	-110.742187	-201.562500
3133.419400	1.529826	-110.742187	-201.562500
3133.421399	1.525958	16.785534	0.042949
3134.437429	0.687170	81.835937	168.847656
3134.439431	0.989065	81.835937	168.847656
3134.441432	1.272974	81.835937	168.847656
3134.443431	1.502695	81.835937	168.847656
3134.445431	1.526535	81.835937	168.847656
3134.449430	1.521167	16.732838	0.046546
3135.491473	0.422742	-112.597656	-200.781250
3135.493476	0.733522	-112.597656	-200.781250
3135.495475	1.033659	-112.597656	-200.781250
3135.497478	1.314553	-112.597656	-200.781250
3135.499477	1.517785	-112.597656	-200.781250
3135.501477	1.526360	-112.597656	-200.781250
3135.503477	1.523206	16.755268	0.042508
3136.513481	0.630750	68.261719	169.531250
3136.515487	0.934920	68.261719	169.531250
3136.517482	1.222680	68.261719	169.531250
3136.519485	1.476429	68.261719	169.531250
3136.521485	1.527691	68.261719	169.531250
3136.523485	1.523791	16.761702	0.045267
3137.574113	0.594776	-114.746094	-200.781250
3137.576116	0.900591	-114.746094	-200.781250
3137.578114	1.190672	-114.746094	-200.781250
3137.580113	1.454850	-114.746094	-200.781250
3137.582115	1.458398	-114.746094	-200.781250
3137.584113	1.524307	16.767382	0.036339
3138.590112	0.704279	76.464844	169.433594
3138.592114	1.005291	76.464844	169.433594
3138.594114	1.288198	76.464844	169.433594
3138.596113	1.509043	76.464844	169.433594
3138.598114	1.526759	76.464844	169.433594
3138.600115	1.523335	16.756685	0.049506
3139.650667	0.416979	-115.722656	-200.488281
3139.652669	0.727784	-115.722656	-200.488281
3139.654671	1.028008	-115.722656	-200.488281
3139.656669	1.309265	-115.722656	-200.488281
3139.658669	1.516228	-115.722656	-200.488281
3139.660668	1.526516	-115.722656	-200.488281
3139.662670	1.523264	16.755905	0.044989
3140.669653	0.866957	83.203125	169.238281
3140.671654	1.159246	83.203125	169.238281
3140.673653	1.430439	83.203125	169.238281
3140.675654	1.529311	83.203125	169.238281
3140.679652	1.522570	16.748276	0.083763
3141.732239	0.482278	-115.039062	-200.195312
3141.734241	1.077012	-115.039062	-200.195312
3141.736245	1.354950	-115.039062	-200.195312
3141.738244	1.527152	-115.039062	-200.195312
3141.740243	1.527162	-115.039062	-200.195312
3141.742243	1.524196	16.766161	0.039957
3142.742285	0.319747	94.140625	168.847656
3142.744288	0.634958	94.140625	168.847656
3142.746289	0.938934	94.140625	168.847656
3142.748289	1.226273	94.140625	168.847656
3142.750287	1.478402	94.140625	168.847656
3142.752289	1.527088	94.140625	168.847656
3142.754290	1.523287	16.756153	0.048578
3143.812349	0.718424	-114.453125	-200.195312
3143.814350	1.018956	-114.453125	-200.195312
3143.816350	1.300882	-114.453125	-200.195312
3143.818350	1.513696	-114.453125	-200.195312
3143.820350	1.526579	-114.453125	-200.195312
3143.822351	1.523335	16.756685	0.038428
3144.820394	0.345106	94.433594	168.945312
3144.822396	0.658943	94.433594	168.945312
3144.824395	0.961906	94.433594	168.945312
3144.828394	1.490649	94.433594	168.945312
3144.830397	1.526989	94.433594	168.945312
3144.832397	1.523453	16.757980	0.049011
3145.888454	0.709583	-115.820312	-201.367187
3145.890455	1.010412	-115.820312	-201.367187
3145.892455	1.292979	-115.820312	-201.367187
3145.894455	1.510817	-115.820312	-201.367187
3145.896456	1.526541	-115.820312	-201.367187
3145.898456	1.523295	16.756243	0.034831
3146.903081	0.566363	75.781250	169.042969
3146.905081	0.873496	75.781250	169.042969
3146.907083	1.165231	75.781250	169.042969
3146.909082	1.435631	75.781250	169.042969
3146.911082	1.530970	75.781250	169.042969
3146.913081	1.526791	16.794706	0.046394
3147.965647	0.670368	-113.281250	-200.292969
3147.967651	0.973013	-113.281250	-200.292969
3147.969648	1.258057	-113.281250	-200.292969
3147.971650	1.496012	-113.281250	-200.292969
3147.973650	1.527147	-113.281250	-200.292969
3147.975650	1.523541	16.758955	0.038318
3148.979691	0.352064	77.832031	168.750000
3148.981691	0.665630	77.832031	168.750000
3148.983691	0.968420	77.832031	168.750000
3148.985690	1.253734	77.832031	168.750000
3148.989691	1.526952	77.832031	168.750000
3148.991692	1.523342	77.832031	168.750000
3148.993692	1.521332	16.734655	0.049987
3150.039729	0.426411	-113.378906	-200.976562
3150.041729	0.736835	-113.378906	-200.976562
3150.043730	1.036466	-113.378906	-200.976562
3150.045731	1.317163	-113.378906	-200.976562
3150.047730	1.518154	-113.378906	-200.976562
3150.049731	1.525803	-113.378906	-200.976562
3150.051730	1.522765	16.750412	0.040534
