time (s)	coil I (A)	last det (V)	int current (uC)
2394.074652	0.522092	-113.378906	227.148437
2394.076652	0.536164	-113.378906	227.148437
2394.080651	1.402189	-113.378906	227.148437
2394.082654	1.531890	-113.378906	227.148437
2394.084652	1.528194	16.810135	0.081238
2395.126721	0.389661	-139.062500	-189.746094
2395.128724	0.702089	-139.062500	-189.746094
2395.130723	1.004041	-139.062500	-189.746094
2395.132723	1.287520	-139.062500	-189.746094
2395.134724	1.510765	-139.062500	-189.746094
2395.136724	1.529586	-139.062500	-189.746094
2395.138723	1.526134	16.787474	0.062003
2396.150810	0.444345	-112.207031	229.687500
2396.152811	0.754730	-112.207031	229.687500
2396.154812	0.765548	-112.207031	229.687500
2396.156812	1.334334	-112.207031	229.687500
2396.160810	1.528525	-112.207031	229.687500
2396.162812	1.525277	-112.207031	229.687500
2396.164813	1.523441	16.757847	0.089965
2397.210852	0.434757	-140.234375	-191.113281
2397.214851	1.045539	-140.234375	-191.113281
2397.216853	1.326167	-140.234375	-191.113281
2397.218853	1.522937	-140.234375	-191.113281
2397.220853	1.528969	-140.234375	-191.113281
2397.222853	1.525664	16.782307	0.056961
2398.230933	0.296929	-103.710937	231.445312
2398.232934	0.614206	-103.710937	231.445312
2398.234934	0.919778	-103.710937	231.445312
2398.236933	1.208996	-103.710937	231.445312
2398.238933	1.468602	-103.710937	231.445312
2398.240934	1.530378	-103.710937	231.445312
2398.242933	1.526271	16.788980	0.091393
2399.294964	0.437841	-140.039062	-190.820312
2399.296967	0.748620	-140.039062	-190.820312
2399.298968	1.048357	-140.039062	-190.820312
2399.300966	1.328856	-140.039062	-190.820312
2399.302968	1.523377	-140.039062	-190.820312
2399.304966	1.528715	-140.039062	-190.820312
2399.306966	1.525462	16.780083	0.049191
2400.311035	0.557798	-94.628906	231.835937
2400.313037	0.865610	-94.628906	231.835937
2400.315036	1.158596	-94.628906	231.835937
2400.321034	1.528262	-94.628906	231.835937
2400.323036	1.525515	-94.628906	231.835937
2400.325037	1.523855	16.762402	0.094342
2401.379070	0.519831	-140.820312	-191.113281
2401.381072	0.828511	-140.820312	-191.113281
2401.383072	1.124125	-140.820312	-191.113281
2401.385072	1.400110	-140.820312	-191.113281
2401.387073	1.532313	-140.820312	-191.113281
2401.389071	1.528789	16.816675	0.041758
2402.394055	0.470847	-98.730469	231.640625
2402.396056	0.780678	-98.730469	231.640625
2402.398056	1.079007	-98.730469	231.640625
2402.400065	1.357399	-98.730469	231.640625
2402.402062	1.362902	-98.730469	231.640625
2402.404063	1.530888	-98.730469	231.640625
2402.406063	1.527933	16.807262	0.084073
2403.461054	0.348475	-140.136719	-191.210937
2403.463055	0.662925	-140.136719	-191.210937
2403.465059	0.966551	-140.136719	-191.210937
2403.467060	1.252657	-140.136719	-191.210937
2403.469061	1.495175	-140.136719	-191.210937
2403.471061	1.530025	-140.136719	-191.210937
2403.473062	1.526417	16.790585	0.047312
2404.471037	0.313417	-84.667969	231.152344
2404.473040	0.629725	-84.667969	231.152344
2404.475041	0.934591	-84.667969	231.152344
2404.477039	1.222810	-84.667969	231.152344
2404.479039	1.477689	-84.667969	231.152344
2404.481039	1.530029	-84.667969	231.152344
2404.483039	1.526029	16.786322	0.079116
2405.545088	0.462455	-140.625000	-191.406250
2405.547090	0.772558	-140.625000	-191.406250
2405.549093	1.071382	-140.625000	-191.406250
2405.551091	1.350281	-140.625000	-191.406250
2405.553097	1.527885	-140.625000	-191.406250
2405.555098	1.529407	-140.625000	-191.406250
2405.557098	1.525494	16.780437	0.047916
2406.555123	0.314060	-82.031250	230.468750
2406.557125	0.630282	-82.031250	230.468750
2406.559126	0.641226	-82.031250	230.468750
2406.561127	1.223426	-82.031250	230.468750
2406.563125	1.477864	-82.031250	230.468750
2406.565127	1.530008	-82.031250	230.468750
2406.567127	1.526084	16.786924	0.078922
2407.627160	0.424342	-139.843750	-191.503906
2407.629163	0.735558	-139.843750	-191.503906
2407.631168	1.036318	-139.843750	-191.503906
2407.633174	1.318185	-139.843750	-191.503906
2407.635177	1.521241	-139.843750	-191.503906
2407.639176	1.525817	-139.843750	-191.503906
2407.641177	1.523840	16.762243	0.037481
2408.637258	0.410306	-79.980469	230.566406
2408.639262	0.722112	-79.980469	230.566406
2408.641260	1.023002	-79.980469	230.566406
2408.643261	1.305334	-79.980469	230.566406
2408.645260	1.516854	-79.980469	230.566406
2408.647261	1.529183	-79.980469	230.566406
2408.649261	1.525796	16.783751	0.077795
2409.705353	0.382049	-140.039062	-192.187500
2409.707354	0.695110	-140.039062	-192.187500
2409.709357	0.997282	-140.039062	-192.187500
2409.711355	1.281286	-140.039062	-192.187500
2409.713357	1.508272	-140.039062	-192.187500
2409.715354	1.529698	-140.039062	-192.187500
2409.717355	1.526152	16.787678	0.045747
2410.721976	0.747593	-96.679687	230.566406
2410.723979	1.047438	-96.679687	230.566406
2410.725977	1.327799	-96.679687	230.566406
2410.727977	1.522649	-96.679687	230.566406
2410.729981	1.528221	-96.679687	230.566406
2410.731978	1.524997	16.774969	0.087747
2411.786545	0.282633	-138.085937	-192.382812
2411.788549	0.299430	-138.085937	-192.382812
2411.790547	0.906959	-138.085937	-192.382812
2411.792546	1.197193	-138.085937	-192.382812
2411.794546	1.460674	-138.085937	-192.382812
2411.798545	1.527157	-138.085937	-192.382812
2411.800548	1.524551	16.770060	0.048125
2412.802543	0.330251	-87.890625	229.296875
2412.804546	0.941725	-87.890625	229.296875
2412.806545	1.229380	-87.890625	229.296875
2412.808545	1.481656	-87.890625	229.296875
2412.810551	1.530098	-87.890625	229.296875
2412.812556	1.526282	16.789104	0.087539
2413.866640	0.502160	-137.890625	-192.578125
2413.868641	0.811105	-137.890625	-192.578125
2413.870642	1.107919	-137.890625	-192.578125
2413.872643	1.384755	-137.890625	-192.578125
2413.874642	1.530982	-137.890625	-192.578125
2413.876642	1.528054	16.808592	0.061923
2414.889232	0.798507	-90.527344	227.343750
2414.891232	1.096012	-90.527344	227.343750
2414.895231	1.530197	-90.527344	227.343750
2414.897233	1.528053	-90.527344	227.343750
2414.899233	1.524972	16.774694	0.082742
2415.947256	0.517091	-136.425781	-191.601562
2415.951255	1.121594	-136.425781	-191.601562
2415.955255	1.532396	-136.425781	-191.601562
2415.957257	1.529009	-136.425781	-191.601562
2415.959257	1.526034	16.786375	0.050686
2416.975302	1.127924	-104.492187	226.171875
2416.977304	1.403548	-104.492187	226.171875
2416.979304	1.532205	-104.492187	226.171875
2416.981305	1.528594	16.814529	0.083267
2418.025895	0.504947	-136.914062	-189.843750
2418.027898	0.813874	-136.914062	-189.843750
2418.029898	1.110423	-136.914062	-189.843750
2418.031898	1.387104	-136.914062	-189.843750
2418.035897	1.527977	-136.914062	-189.843750
2418.037898	1.525024	16.775263	0.066819
2419.054496	0.384972	-101.855469	222.851562
2419.056498	0.697550	-101.855469	222.851562
2419.058499	0.999519	-101.855469	222.851562
2419.060499	1.283293	-101.855469	222.851562
2419.062497	1.508825	-101.855469	222.851562
2419.064499	1.529378	-101.855469	222.851562
2419.066498	1.525978	16.785763	0.070719
2420.104540	0.614034	-136.718750	-186.816406
2420.106542	0.919580	-136.718750	-186.816406
2420.108543	1.208859	-136.718750	-186.816406
2420.110541	1.468539	-136.718750	-186.816406
2420.114539	1.526408	-136.718750	-186.816406
2420.116545	1.524008	16.764086	0.360565
2421.140586	0.591981	-110.839844	219.824219
2421.142587	0.785329	-110.839844	219.824219
2421.144587	1.349761	-110.839844	219.824219
2421.146588	1.527562	-110.839844	219.824219
2421.148587	1.528573	-110.839844	219.824219
2421.150589	1.525384	16.779224	0.061404
2422.185149	0.469299	-135.351562	-184.277344
2422.187149	0.779080	-135.351562	-184.277344
2422.189150	1.077448	-135.351562	-184.277344
2422.191154	1.355897	-135.351562	-184.277344
2422.193151	1.529590	-135.351562	-184.277344
2422.195151	1.529792	16.827709	0.065113
2423.221164	0.386915	-107.617187	215.429687
2423.223167	0.699478	-107.617187	215.429687
2423.225166	1.001374	-107.617187	215.429687
2423.227168	1.285077	-107.617187	215.429687
2423.229167	1.509480	-107.617187	215.429687
2423.231167	1.529287	-107.617187	215.429687
2423.233167	1.525828	16.784105	0.065021
2424.263146	0.437347	-137.792969	-180.859375
2424.265150	0.747830	-137.792969	-180.859375
2424.267146	1.047713	-137.792969	-180.859375
2424.269148	1.328208	-137.792969	-180.859375
2424.271148	1.523167	-137.792969	-180.859375
2424.273150	1.528665	-137.792969	-180.859375
2424.275148	1.525325	16.778576	0.078049
2425.304110	0.407672	-119.042969	212.500000
2425.306111	0.719365	-119.042969	212.500000
2425.308112	1.020421	-119.042969	212.500000
2425.310110	1.302731	-119.042969	212.500000
2425.312113	1.515587	-119.042969	212.500000
2425.318109	1.523189	-119.042969	212.500000
2425.320112	1.521837	16.740211	0.069851
2426.347049	0.686036	-138.085937	-177.734375
2426.349051	0.988508	-138.085937	-177.734375
2426.351050	1.272988	-138.085937	-177.734375
2426.353052	1.504213	-138.085937	-177.734375
2426.355052	1.529169	-138.085937	-177.734375
2426.357050	1.525599	16.781590	0.070786
2427.385633	0.841633	-104.589844	208.203125
2427.387634	1.136203	-104.589844	208.203125
2427.389634	1.411286	-104.589844	208.203125
2427.391633	1.532518	-104.589844	208.203125
2427.393634	1.528782	16.816605	0.069972
2428.429622	0.408456	-137.109375	-175.683594
2428.431623	0.420333	-137.109375	-175.683594
2428.433624	1.021161	-137.109375	-175.683594
2428.435623	1.303414	-137.109375	-175.683594
2428.437624	1.516575	-137.109375	-175.683594
2428.439625	1.529610	-137.109375	-175.683594
2428.441622	1.526265	16.788910	0.068605
2429.465687	0.428959	-105.468750	205.859375
2429.467689	1.033872	-105.468750	205.859375
2429.469689	1.315315	-105.468750	205.859375
2429.471689	1.519741	-105.468750	205.859375
2429.473694	1.528925	-105.468750	205.859375
2429.475698	1.525535	16.780880	0.073073
2430.513702	0.684898	-138.183594	-173.437500
2430.515702	0.987501	-138.183594	-173.437500
2430.519701	1.503644	-138.183594	-173.437500
2430.521703	1.528947	-138.183594	-173.437500
2430.523703	1.525290	16.778194	0.064339
2431.545742	0.741681	-96.386719	204.199219
2431.547746	1.041720	-96.386719	204.199219
2431.549745	1.058704	-96.386719	204.199219
2431.551749	1.521733	-96.386719	204.199219
2431.553750	1.528849	-96.386719	204.199219
2431.555751	1.525489	16.780384	0.076067
2432.595785	0.371495	-139.746094	-171.777344
2432.597785	0.684528	-139.746094	-171.777344
2432.599785	0.987112	-139.746094	-171.777344
2432.601786	1.271719	-139.746094	-171.777344
2432.603785	1.503930	-139.746094	-171.777344
2432.605785	1.529366	-139.746094	-171.777344
2432.607784	1.525863	16.784496	0.062119
2433.623836	0.606237	-106.542969	204.296875
2433.625838	0.912078	-106.542969	204.296875
2433.627839	1.201742	-106.542969	204.296875
2433.629840	1.463605	-106.542969	204.296875
2433.631839	1.466922	-106.542969	204.296875
2433.635839	1.523790	16.761684	0.075078
2434.681891	0.725771	-141.210937	-170.703125
2434.683893	1.026411	-141.210937	-170.703125
2434.685892	1.308374	-141.210937	-170.703125
2434.687893	1.517442	-141.210937	-170.703125
2434.689892	1.528500	-141.210937	-170.703125
2434.691893	1.525301	16.778309	0.055146
2435.704483	1.015606	-98.437500	203.613281
2435.706485	1.298166	-98.437500	203.613281
2435.708486	1.514198	-98.437500	203.613281
2435.710486	1.528814	-98.437500	203.613281
2435.712485	1.525311	16.778425	0.079144
2436.761083	0.601086	-141.894531	-169.824219
2436.763085	0.907056	-141.894531	-169.824219
2436.765085	1.197185	-141.894531	-169.824219
2436.767084	1.460382	-141.894531	-169.824219
2436.769085	1.530426	-141.894531	-169.824219
2436.771084	1.526198	16.788174	0.059869
2437.779682	0.269069	-78.222656	202.734375
2437.781684	0.587929	-78.222656	202.734375
2437.783684	0.894503	-78.222656	202.734375
2437.785684	1.185472	-78.222656	202.734375
2437.787684	1.451858	-78.222656	202.734375
2437.789684	1.530701	-78.222656	202.734375
2437.791684	1.526512	16.791630	0.079998
2438.845763	0.846975	-141.601562	-169.531250
2438.849763	1.415575	-141.601562	-169.531250
2438.851765	1.531152	-141.601562	-169.531250
2438.853767	1.527122	16.798338	0.057022
2439.861784	0.402722	-84.960937	202.539062
2439.863787	0.714612	-84.960937	202.539062
2439.865786	1.015849	-84.960937	202.539062
2439.867787	1.298357	-84.960937	202.539062
2439.869786	1.305316	-84.960937	202.539062
2439.871786	1.528563	-84.960937	202.539062
2439.873785	1.525166	16.776831	0.082810
2440.927817	0.727644	-142.773437	-169.531250
2440.929819	1.028351	-142.773437	-169.531250
2440.931819	1.310037	-142.773437	-169.531250
2440.933818	1.517987	-142.773437	-169.531250
2440.935818	1.528721	-142.773437	-169.531250
2440.939818	1.523433	16.757759	0.049554
2441.942368	0.414438	-86.523437	202.929687
2441.944371	0.725843	-86.523437	202.929687
2441.946372	1.026637	-86.523437	202.929687
2441.948371	1.308432	-86.523437	202.929687
2441.950373	1.517345	-86.523437	202.929687
2441.952372	1.528521	-86.523437	202.929687
2441.954371	1.525130	16.776432	0.079246
2443.004910	0.311180	-141.015625	-170.312500
2443.006913	0.627365	-141.015625	-170.312500
2443.008912	0.932394	-141.015625	-170.312500
2443.010913	1.220816	-141.015625	-170.312500
2443.012912	1.476302	-141.015625	-170.312500
2443.014913	1.530201	-141.015625	-170.312500
2443.016913	1.526262	16.788883	0.054154
2444.024914	0.492499	-84.277344	202.441406
2444.026916	0.801643	-84.277344	202.441406
2444.028915	1.098956	-84.277344	202.441406
2444.030915	1.375885	-84.277344	202.441406
2444.032916	1.530342	-84.277344	202.441406
2444.034915	1.528114	16.809258	0.076608
2445.085509	0.284572	-140.527344	-171.386719
2445.089508	0.908172	-140.527344	-171.386719
2445.091509	1.198291	-140.527344	-171.386719
2445.093509	1.205375	-140.527344	-171.386719
2445.095511	1.530494	-140.527344	-171.386719
2445.097512	1.526350	16.789848	0.059605
2446.109533	0.809000	-92.187500	201.562500
2446.111535	1.105701	-92.187500	201.562500
2446.113536	1.382435	-92.187500	201.562500
2446.115537	1.531360	-92.187500	201.562500
2446.117536	1.528638	16.815018	0.073323
2447.166186	0.515705	-139.355469	-172.363281
2447.170184	1.120353	-139.355469	-172.363281
2447.172185	1.396457	-139.355469	-172.363281
2447.174185	1.532295	-139.355469	-172.363281
2447.176186	1.528843	16.817278	0.057524
2448.190181	0.633523	-91.308594	201.269531
2448.192183	0.938058	-91.308594	201.269531
2448.194182	1.226084	-91.308594	201.269531
2448.196182	1.479511	-91.308594	201.269531
2448.200181	1.526137	-91.308594	201.269531
2448.202184	1.523878	16.762659	0.469050
2449.244742	1.399256	-139.062500	-173.925781
2449.246744	0.720782	-139.062500	-173.925781
2449.248746	1.021693	-139.062500	-173.925781
2449.252743	1.516340	-139.062500	-173.925781
2449.254746	1.528876	-139.062500	-173.925781
2449.256745	1.525431	16.779745	0.060331
2450.272830	0.449243	-83.398437	201.171875
2450.274830	0.759730	-83.398437	201.171875
2450.276833	1.058896	-83.398437	201.171875
2450.278830	1.338639	-83.398437	201.171875
2450.280832	1.525660	-83.398437	201.171875
2450.282831	1.528861	-83.398437	201.171875
2450.284830	1.525550	16.781048	0.072411
2451.322883	0.399607	-136.718750	-175.292969
2451.324886	0.711719	-136.718750	-175.292969
2451.326885	1.013057	-136.718750	-175.292969
2451.328885	1.295946	-136.718750	-175.292969
2451.330883	1.513202	-136.718750	-175.292969
2451.332885	1.528619	-136.718750	-175.292969
2451.334886	1.525151	16.776661	0.064016
2452.354935	0.537271	-86.230469	202.734375
2452.356936	0.845534	-86.230469	202.734375
2452.358937	1.139956	-86.230469	202.734375
2452.360936	1.414407	-86.230469	202.734375
2452.362936	1.531977	-86.230469	202.734375
2452.364935	1.528031	16.808336	0.068064
2453.404944	0.521018	-136.816406	-177.148437
2453.406945	0.829449	-136.816406	-177.148437
2453.408946	1.124773	-136.816406	-177.148437
2453.410945	1.400649	-136.816406	-177.148437
2453.412946	1.531563	-136.816406	-177.148437
2453.414946	1.528034	16.808371	0.062847
2454.437813	0.507734	-98.339844	204.687500
2454.439817	0.816701	-98.339844	204.687500
2454.441819	1.112911	-98.339844	204.687500
2454.443821	1.389950	-98.339844	204.687500
2454.445819	1.531186	-98.339844	204.687500
2454.449817	1.525112	16.776236	0.071458
2455.482426	0.448939	-133.593750	-180.468750
2455.484428	0.759475	-133.593750	-180.468750
2455.486427	1.058773	-133.593750	-180.468750
2455.488428	1.338305	-133.593750	-180.468750
2455.490428	1.527363	-133.593750	-180.468750
2455.492428	1.531008	-133.593750	-180.468750
2455.494428	1.528103	16.809134	0.069491
2456.518446	0.365654	-89.843750	205.957031
2456.520449	0.679052	-89.843750	205.957031
2456.522448	0.981866	-89.843750	205.957031
2456.524448	1.266741	-89.843750	205.957031
2456.526449	1.501358	-89.843750	205.957031
2456.528449	1.529087	-89.843750	205.957031
2456.530447	1.525486	16.780348	0.060949
2457.564519	0.733751	-134.179687	-183.105469
2457.566520	0.745185	-134.179687	-183.105469
2457.568519	1.315389	-134.179687	-183.105469
2457.570519	1.521074	-134.179687	-183.105469
2457.572520	1.530596	-134.179687	-183.105469
2457.578519	1.523901	16.762917	0.063935
2458.601084	0.460055	-87.695312	208.691406
2458.603086	0.770087	-87.695312	208.691406
2458.605086	1.068815	-87.695312	208.691406
2458.607086	1.347616	-87.695312	208.691406
2458.611085	1.528387	-87.695312	208.691406
2458.613088	1.528258	-87.695312	208.691406
2458.615087	1.523331	16.756641	0.069279
2459.645059	0.778555	-132.812500	-186.816406
2459.647062	1.076926	-132.812500	-186.816406
2459.649071	1.355249	-132.812500	-186.816406
2459.651070	1.529523	-132.812500	-186.816406
2459.653076	1.529709	-132.812500	-186.816406
2459.655078	1.526688	16.793562	0.070248
2460.683201	0.787882	-86.328125	211.621094
2460.685203	1.085959	-86.328125	211.621094
2460.687208	1.363634	-86.328125	211.621094
2460.689206	1.528982	-86.328125	211.621094
2460.691206	1.527885	16.806740	0.059263
2461.725238	0.449254	-133.203125	-189.648437
2461.727239	0.759602	-133.203125	-189.648437
2461.729240	1.058771	-133.203125	-189.648437
2461.731240	1.338435	-133.203125	-189.648437
2461.733241	1.525011	-133.203125	-189.648437
2461.735239	1.528031	-133.203125	-189.648437
2461.737241	1.524884	16.773727	0.062180
2462.761318	0.576880	-83.593750	214.648437
2462.763320	0.883975	-83.593750	214.648437
2462.765321	1.175625	-83.593750	214.648437
2462.767319	1.444468	-83.593750	214.648437
2462.769320	1.531788	-83.593750	214.648437
2462.771320	1.527686	16.804543	0.173507
2463.809946	0.544371	-130.175781	-192.968750
2463.811945	0.852414	-130.175781	-192.968750
2463.813947	1.146358	-130.175781	-192.968750
2463.815946	1.420040	-130.175781	-192.968750
2463.817945	1.531541	-130.175781	-192.968750
2463.819946	1.527451	16.801964	0.053804
2464.839963	0.484747	-72.167969	216.699219
2464.841965	0.794067	-72.167969	216.699219
2464.843967	1.091884	-72.167969	216.699219
2464.845968	1.369018	-72.167969	216.699219
2464.847965	1.529841	-72.167969	216.699219
2464.849967	1.528231	16.810543	0.069040
2465.890040	0.520018	-130.273437	-194.921875
2465.892042	0.828426	-130.273437	-194.921875
2465.894042	1.123863	-130.273437	-194.921875
2465.896042	1.399685	-130.273437	-194.921875
2465.898042	1.530825	-130.273437	-194.921875
2465.900044	1.527352	16.800873	0.058773
2466.920085	0.742246	-78.906250	220.410156
2466.922087	1.042330	-78.906250	220.410156
2466.924087	1.322944	-78.906250	220.410156
2466.928086	1.527889	-78.906250	220.410156
2466.930088	1.524607	-78.906250	220.410156
2466.932086	1.522722	16.749943	0.070529
2467.971064	0.399300	-129.980469	-196.679687
2467.973065	0.711026	-129.980469	-196.679687
2467.975063	1.012453	-129.980469	-196.679687
2467.977065	1.295161	-129.980469	-196.679687
2467.979065	1.512961	-129.980469	-196.679687
2467.981064	1.528667	-129.980469	-196.679687
2467.983065	1.525181	16.776989	0.054044
2468.997098	0.513098	-72.460937	221.386719
2468.999100	0.821657	-72.460937	221.386719
2469.001101	1.117444	-72.460937	221.386719
2469.003100	1.393746	-72.460937	221.386719
2469.005099	1.531410	-72.460937	221.386719
2469.007100	1.528082	16.808903	0.072516
2470.054079	0.347718	-131.738281	-197.460937
2470.056079	0.662047	-131.738281	-197.460937
2470.058079	0.965318	-131.738281	-197.460937
2470.060079	1.251362	-131.738281	-197.460937
2470.062081	1.493631	-131.738281	-197.460937
2470.064079	1.496034	-131.738281	-197.460937
2470.066080	1.525301	16.778309	0.059201
2471.076096	0.439625	-53.515625	221.484375
2471.078098	0.750100	-53.515625	221.484375
2471.082094	1.329836	-53.515625	221.484375
2471.084097	1.523117	-53.515625	221.484375
2471.086096	1.528013	-53.515625	221.484375
2471.088096	1.524711	16.771822	0.074190
2472.136172	0.398000	-130.175781	-198.437500
2472.138174	0.710123	-130.175781	-198.437500
2472.140173	1.011428	-130.175781	-198.437500
2472.142173	1.294387	-130.175781	-198.437500
2472.144174	1.512559	-130.175781	-198.437500
2472.146175	1.528463	-130.175781	-198.437500
2472.148174	1.525077	16.775846	0.053754
2473.156158	0.611594	-58.886719	222.460937
2473.158160	0.917197	-58.886719	222.460937
2473.162160	1.466890	-58.886719	222.460937
2473.164159	1.530559	-58.886719	222.460937
2473.166161	1.526430	16.790726	0.076172
2474.218751	0.720482	-129.687500	-198.632812
2474.220752	1.021379	-129.687500	-198.632812
2474.222753	1.303536	-129.687500	-198.632812
2474.224752	1.515865	-129.687500	-198.632812
2474.226753	1.528429	-129.687500	-198.632812
2474.228754	1.525132	16.776449	0.047511
2475.234800	0.438731	-52.246094	222.265625
2475.236801	0.749282	-52.246094	222.265625
2475.238804	1.048904	-52.246094	222.265625
2475.240803	1.329094	-52.246094	222.265625
2475.242802	1.522684	-52.246094	222.265625
2475.246801	1.524588	-52.246094	222.265625
2475.248804	1.522729	16.750023	0.073219
2476.298896	0.464007	-130.566406	-199.218750
2476.300898	0.773938	-130.566406	-199.218750
2476.302900	1.072466	-130.566406	-199.218750
2476.304900	1.351035	-130.566406	-199.218750
2476.306899	1.527131	-130.566406	-199.218750
2476.308898	1.527698	-130.566406	-199.218750
2476.310899	1.524689	16.771584	0.051198
2477.315014	0.392565	-50.097656	221.875000
2477.317016	0.704811	-50.097656	221.875000
2477.319015	1.006181	-50.097656	221.875000
2477.321017	1.289328	-50.097656	221.875000
2477.323014	1.510654	-50.097656	221.875000
2477.325016	1.528432	-50.097656	221.875000
2477.327015	1.525037	16.775404	0.073073
2478.378976	0.312602	-131.250000	-199.121094
2478.380975	0.628577	-131.250000	-199.121094
2478.382976	0.933476	-131.250000	-199.121094
2478.384975	1.221686	-131.250000	-199.121094
2478.386975	1.476723	-131.250000	-199.121094
2478.390974	1.526023	-131.250000	-199.121094
2478.392977	1.523756	16.761312	0.047393
2479.396974	0.416120	-54.589844	221.972656
2479.398975	0.727485	-54.589844	221.972656
2479.400976	1.028082	-54.589844	221.972656
2479.402976	1.309658	-54.589844	221.972656
2479.404976	1.517416	-54.589844	221.972656
2479.406976	1.527856	-54.589844	221.972656
2479.408975	1.524450	16.768951	0.069961
2480.459592	0.610175	-129.101562	-199.609375
2480.461592	0.915797	-129.101562	-199.609375
2480.463595	1.205266	-129.101562	-199.609375
2480.465594	1.465974	-129.101562	-199.609375
2480.467593	1.530201	-129.101562	-199.609375
2480.469595	1.526029	16.786322	0.320642
2481.477614	0.515376	-53.710937	221.191406
2481.479616	0.823712	-53.710937	221.191406
2481.481618	1.119359	-53.710937	221.191406
2481.483617	1.395703	-53.710937	221.191406
2481.485618	1.531156	-53.710937	221.191406
2481.487617	1.527693	16.804623	0.070438
2482.539597	0.490407	-130.078125	-199.511719
2482.541599	0.799427	-130.078125	-199.511719
2482.543599	1.096767	-130.078125	-199.511719
2482.547596	1.529879	-130.078125	-199.511719
2482.549598	1.527753	-130.078125	-199.511719
2482.553597	1.523048	16.753531	0.053603
2483.562142	1.526609	-45.996094	219.140625
2483.564142	1.151947	-45.996094	219.140625
2483.566144	1.424881	-45.996094	219.140625
2483.568143	1.531328	-45.996094	219.140625
2483.570143	1.527405	16.801451	0.068289
2484.622168	1.040302	-130.175781	-200.000000
2484.624169	1.321092	-130.175781	-200.000000
2484.626169	1.522865	-130.175781	-200.000000
2484.628170	1.530786	-130.175781	-200.000000
2484.630171	1.527690	16.804586	0.052592
2485.640757	0.366969	-51.269531	217.968750
2485.642759	0.680143	-51.269531	217.968750
2485.644761	0.982821	-51.269531	217.968750
2485.646760	1.267550	-51.269531	217.968750
2485.650764	1.528759	-51.269531	217.968750
2485.652766	1.525346	-51.269531	217.968750
2485.654768	1.523205	16.755259	0.066147
2486.694833	0.257795	-128.906250	-198.828125
2486.696835	0.577162	-128.906250	-198.828125
2486.698836	0.884169	-128.906250	-198.828125
2486.700834	1.175756	-128.906250	-198.828125
2486.702835	1.444614	-128.906250	-198.828125
2486.704835	1.532055	-128.906250	-198.828125
2486.706835	1.528039	16.808434	0.058491
2487.724892	0.613831	-53.613281	215.820312
2487.726896	0.919185	-53.613281	215.820312
2487.728898	1.208399	-53.613281	215.820312
2487.730896	1.468084	-53.613281	215.820312
2487.732896	1.529740	-53.613281	215.820312
2487.734895	1.525589	16.781473	0.065772
2488.774916	0.273268	-128.222656	-197.070312
2488.776918	0.292018	-128.222656	-197.070312
2488.778918	0.898038	-128.222656	-197.070312
2488.780919	1.188679	-128.222656	-197.070312
2488.782920	1.454180	-128.222656	-197.070312
2488.784917	1.530932	-128.222656	-197.070312
2488.786919	1.530781	16.838591	0.059742
2489.806941	0.694498	-57.617187	213.867187
2489.808943	0.996387	-57.617187	213.867187
2489.810943	1.280251	-57.617187	213.867187
2489.812943	1.507422	-57.617187	213.867187
2489.814942	1.529181	-57.617187	213.867187
2489.816943	1.525683	16.782511	0.063834
2490.853014	0.341502	-129.003906	-194.531250
2490.855016	0.655828	-129.003906	-194.531250
2490.857015	0.959483	-129.003906	-194.531250
2490.859015	1.245884	-129.003906	-194.531250
2490.861015	1.490631	-129.003906	-194.531250
2490.863015	1.529134	-129.003906	-194.531250
2490.865015	1.525347	16.778816	0.064421
2491.889680	0.641748	-70.898437	212.011719
2491.891679	0.945948	-70.898437	212.011719
2491.893680	1.233287	-70.898437	212.011719
2491.895680	1.483584	-70.898437	212.011719
2491.897678	1.529371	-70.898437	212.011719
2491.899680	1.525465	16.780117	0.491791
2492.934249	0.735906	-127.539062	-191.992187
2492.936251	1.036068	-127.539062	-191.992187
2492.938250	1.317239	-127.539062	-191.992187
2492.940250	1.520350	-127.539062	-191.992187
2492.942250	1.521926	-127.539062	-191.992187
2492.944251	1.525565	16.781216	0.064078
2493.970243	0.451557	-72.265625	208.593750
2493.972246	0.761600	-72.265625	208.593750
2493.974246	1.060616	-72.265625	208.593750
2493.976246	1.339985	-72.265625	208.593750
2493.978246	1.527065	-72.265625	208.593750
2493.982244	1.526953	-72.265625	208.593750
2493.984247	1.524944	16.774385	0.061631
2495.012246	0.504301	-128.320312	-189.257812
2495.014245	0.812883	-128.320312	-189.257812
2495.016247	1.109337	-128.320312	-189.257812
2495.018247	1.385915	-128.320312	-189.257812
2495.020247	1.530286	-128.320312	-189.257812
2495.022247	1.527348	16.800829	0.067597
2496.048322	0.263870	-71.191406	205.566406
2496.052322	0.889578	-71.191406	205.566406
2496.054323	1.180841	-71.191406	205.566406
2496.056325	1.191128	-71.191406	205.566406
2496.058323	1.530748	-71.191406	205.566406
2496.060324	1.526579	16.792366	0.061569
2497.096431	1.171389	-129.589844	-186.035156
2497.098434	1.441352	-129.589844	-186.035156
2497.100433	1.533695	-129.589844	-186.035156
2497.104431	1.527218	16.799395	0.133950
2498.130987	0.406782	-80.566406	203.417969
2498.132989	0.718400	-80.566406	203.417969
2498.134991	1.019295	-80.566406	203.417969
2498.136991	1.301518	-80.566406	203.417969
2498.138990	1.514977	-80.566406	203.417969
2498.140989	1.528375	-80.566406	203.417969
2498.142990	1.524913	16.774048	0.060066
2499.175110	0.710559	-130.957031	-183.691406
2499.177113	1.011847	-130.957031	-183.691406
2499.179111	1.294621	-130.957031	-183.691406
2499.181115	1.512466	-130.957031	-183.691406
2499.185116	1.524763	-130.957031	-183.691406
2499.187119	1.522792	16.750713	0.065118
2500.210084	0.466567	-70.312500	200.781250
2500.212083	0.776191	-70.312500	200.781250
2500.214083	1.074576	-70.312500	200.781250
2500.216083	1.352941	-70.312500	200.781250
2500.218083	1.527283	-70.312500	200.781250
2500.220083	1.527599	-70.312500	200.781250
2500.222084	1.524436	16.768791	0.061902
2501.256149	0.634750	-130.761719	-181.445312
2501.258153	0.939158	-130.761719	-181.445312
2501.260151	1.227058	-130.761719	-181.445312
2501.262151	1.479932	-130.761719	-181.445312
2501.264152	1.529569	-130.761719	-181.445312
2501.266152	1.525529	16.780819	0.059995
2502.288698	0.325145	-66.015625	198.828125
2502.290702	0.640514	-66.015625	198.828125
2502.292702	0.944878	-66.015625	198.828125
2502.294702	1.232506	-66.015625	198.828125
2502.296703	1.483227	-66.015625	198.828125
2502.298702	1.529521	-66.015625	198.828125
2502.300702	1.525576	16.781342	0.064846
2503.336753	1.961584	-131.542969	-179.687500
2503.338754	0.912281	-131.542969	-179.687500
2503.340754	1.201882	-131.542969	-179.687500
2503.342754	1.463429	-131.542969	-179.687500
2503.344754	1.529724	-131.542969	-179.687500
2503.346754	1.525609	16.781694	0.328069
2504.365364	0.448858	-63.378906	197.949219
2504.367366	0.758891	-63.378906	197.949219
2504.369364	0.769071	-63.378906	197.949219
2504.371364	1.337680	-63.378906	197.949219
2504.373364	1.524220	-63.378906	197.949219
2504.375363	1.527218	-63.378906	197.949219
2504.377363	1.524067	16.764742	0.067999
2505.417410	0.391011	-131.347656	-178.515625
2505.419412	0.703216	-131.347656	-178.515625
2505.421412	1.004786	-131.347656	-178.515625
2505.423412	1.287995	-131.347656	-178.515625
2505.425415	1.510079	-131.347656	-178.515625
2505.427412	1.528361	-131.347656	-178.515625
2505.429414	1.524848	16.773329	0.062087
2506.445475	0.466106	-66.015625	197.460937
2506.447478	0.775835	-66.015625	197.460937
2506.451476	1.352750	-66.015625	197.460937
2506.453477	1.527016	-66.015625	197.460937
2506.457475	1.524270	-66.015625	197.460937
2506.459477	1.522446	16.746910	0.070426
2507.500452	0.464763	-131.738281	-177.636719
2507.502453	0.774523	-131.738281	-177.636719
2507.504455	1.072996	-131.738281	-177.636719
2507.506455	1.351511	-131.738281	-177.636719
2507.508453	1.527684	-131.738281	-177.636719
2507.510453	1.528383	-131.738281	-177.636719
2507.512453	1.525158	16.776741	0.052997
2508.528527	0.818393	-56.542969	197.265625
2508.530531	1.114459	-56.542969	197.265625
2508.532530	1.390658	-56.542969	197.265625
2508.536528	1.526917	-56.542969	197.265625
2508.538530	1.524030	16.764326	0.065850
2509.579032	0.275763	-132.617187	-176.953125
2509.583031	0.900165	-132.617187	-176.953125
2509.585031	1.190674	-132.617187	-176.953125
2509.587035	1.455353	-132.617187	-176.953125
2509.589032	1.530087	-132.617187	-176.953125
2509.591034	1.525759	16.783344	0.057624
2510.605092	0.604946	-58.593750	196.875000
2510.607091	0.910649	-58.593750	196.875000
2510.611092	1.462433	-58.593750	196.875000
2510.613094	1.529700	-58.593750	196.875000
2510.615094	1.525668	16.782351	0.068770
2511.661700	0.379598	-133.398437	-176.757812
2511.663704	0.692358	-133.398437	-176.757812
2511.665703	0.994432	-133.398437	-176.757812
2511.667702	1.278361	-133.398437	-176.757812
2511.669703	1.506185	-133.398437	-176.757812
2511.671702	1.508336	-133.398437	-176.757812
2511.673702	1.524887	16.773756	0.052018
2512.686687	0.693585	-54.394531	196.484375
2512.688690	0.995499	-54.394531	196.484375
2512.690690	1.279339	-54.394531	196.484375
2512.692688	1.506332	-54.394531	196.484375
2512.694689	1.527950	-54.394531	196.484375
2512.696690	1.524460	16.769058	0.065001
2513.745301	0.855563	-133.105469	-176.757812
2513.747304	1.149085	-133.105469	-176.757812
2513.749303	1.422333	-133.105469	-176.757812
2513.753302	1.527102	-133.105469	-176.757812
2513.755302	1.524351	16.767860	0.049062
2514.763877	0.495694	-39.746094	195.605469
2514.765879	0.804631	-39.746094	195.605469
2514.767879	1.101628	-39.746094	195.605469
2514.769879	1.378467	-39.746094	195.605469
2514.771881	1.530283	-39.746094	195.605469
2514.775878	1.524855	16.773399	0.064365
2515.819939	0.385265	-131.542969	-177.246094
2515.821939	0.697805	-131.542969	-177.246094
2515.823940	0.999594	-131.542969	-177.246094
2515.825940	1.283278	-131.542969	-177.246094
2515.827941	1.508446	-131.542969	-177.246094
2515.829940	1.528759	-131.542969	-177.246094
2515.831941	1.525181	16.776989	0.045572
2516.848017	0.740842	-60.644531	196.484375
2516.850019	1.040733	-60.644531	196.484375
2516.852019	1.321449	-60.644531	196.484375
2516.854018	1.520958	-60.644531	196.484375
2516.856018	1.528002	-60.644531	196.484375
2516.858017	1.524757	16.772329	0.065793
2517.902052	0.831931	-131.347656	-177.929687
2517.904056	1.127017	-131.347656	-177.929687
2517.906054	1.402591	-131.347656	-177.929687
2517.908056	1.530964	-131.347656	-177.929687
2517.912052	1.524486	16.769350	0.055174
2518.926673	0.413292	-45.605469	195.898437
2518.928677	0.724608	-45.605469	195.898437
2518.930677	1.025440	-45.605469	195.898437
2518.934676	1.516762	-45.605469	195.898437
2518.936679	1.528196	-45.605469	195.898437
2518.938684	1.524714	16.771858	0.064565
2519.978669	0.386695	-129.296875	-179.003906
2519.980672	0.699201	-129.296875	-179.003906
2519.982672	1.000981	-129.296875	-179.003906
2519.984673	1.284508	-129.296875	-179.003906
2519.986672	1.508738	-129.296875	-179.003906
2519.988672	1.528523	-129.296875	-179.003906
2519.990671	1.525074	16.775812	0.054049
2521.010724	0.915592	-46.777344	196.191406
2521.012726	1.204983	-46.777344	196.191406
2521.014730	1.465783	-46.777344	196.191406
2521.018726	1.526222	-46.777344	196.191406
2521.020727	1.523795	16.761745	0.340752
2522.060808	0.873263	-128.222656	-180.273437
2522.064808	1.435981	-128.222656	-180.273437
2522.066809	1.530350	-128.222656	-180.273437
2522.068809	1.526014	16.786154	0.056724
2523.092873	0.970394	-48.339844	196.484375
2523.094876	1.256021	-48.339844	196.484375
2523.096874	1.495934	-48.339844	196.484375
2523.098877	1.528740	-48.339844	196.484375
2523.100876	1.525025	16.775280	0.061136
2524.136940	0.396333	-127.441406	-182.226562
2524.138941	0.708529	-127.441406	-182.226562
2524.140942	1.009785	-127.441406	-182.226562
2524.142941	1.292808	-127.441406	-182.226562
2524.144941	1.511671	-127.441406	-182.226562
2524.146942	1.527943	-127.441406	-182.226562
2524.148942	1.524612	16.770733	0.060195
2525.168969	0.328891	-52.148437	197.753906
2525.170971	0.644012	-52.148437	197.753906
2525.172972	0.948078	-52.148437	197.753906
2525.174971	1.235230	-52.148437	197.753906
2525.176972	1.484665	-52.148437	197.753906
2525.178974	1.528990	-52.148437	197.753906
2525.180980	1.525049	16.775536	0.055845
2526.217031	0.531095	-128.417969	-184.277344
2526.221032	1.133766	-128.417969	-184.277344
2526.223031	1.408795	-128.417969	-184.277344
2526.227033	1.526872	-128.417969	-184.277344
2526.229033	1.524196	16.766151	0.048299
2527.253065	0.530611	-60.839844	199.902344
2527.255066	0.838681	-60.839844	199.902344
2527.257065	1.133395	-60.839844	199.902344
2527.259067	1.408575	-60.839844	199.902344
2527.261067	1.531235	-60.839844	199.902344
2527.263067	1.527468	16.802151	0.052608
2528.295618	0.787591	-125.781250	-186.816406
2528.297620	1.085511	-125.781250	-186.816406
2528.299622	1.363038	-125.781250	-186.816406
2528.301622	1.528972	-125.781250	-186.816406
2528.303625	1.527818	16.805996	0.059489
2529.335668	0.775031	-60.351562	201.855469
2529.337671	1.073393	-60.351562	201.855469
2529.339670	1.351873	-60.351562	201.855469
2529.341671	1.526846	-60.351562	201.855469
2529.343671	1.527245	-60.351562	201.855469
2529.345671	1.524251	16.766762	0.051607
2530.374218	0.328750	-126.757812	-189.746094
2530.376221	0.643969	-126.757812	-189.746094
2530.378219	0.948048	-126.757812	-189.746094
2530.380221	1.235126	-126.757812	-189.746094
2530.382220	1.484560	-126.757812	-189.746094
2530.384220	1.528958	-126.757812	-189.746094
2530.386220	1.525141	16.776554	0.064537
2531.414267	0.678322	-62.597656	204.101562
2531.416268	0.980901	-62.597656	204.101562
2531.418269	1.265803	-62.597656	204.101562
2531.420267	1.500441	-62.597656	204.101562
2531.422269	1.528503	-62.597656	204.101562
2531.424268	1.524801	16.772808	0.058165
2532.454845	0.629339	-124.121094	-192.382812
2532.456851	0.651860	-124.121094	-192.382812
2532.458848	1.222389	-124.121094	-192.382812
2532.460847	1.477067	-124.121094	-192.382812
2532.462849	1.529533	-124.121094	-192.382812
2532.464849	1.525514	16.780659	0.068291
2533.492810	0.410292	-55.175781	206.542969
2533.494813	0.721518	-55.175781	206.542969
2533.496811	1.022213	-55.175781	206.542969
2533.498813	1.304207	-55.175781	206.542969
2533.500812	1.515806	-55.175781	206.542969
2533.502813	1.528135	-55.175781	206.542969
2533.504813	1.524664	16.771301	0.059915
2534.535373	0.390352	-123.437500	-194.921875
2534.539373	1.004104	-123.437500	-194.921875
2534.541376	1.287432	-123.437500	-194.921875
2534.543375	1.509785	-123.437500	-194.921875
2534.545376	1.528188	-123.437500	-194.921875
2534.547376	1.524851	16.773365	0.063657
2535.571412	0.552113	-39.843750	208.398437
2535.573414	0.859863	-39.843750	208.398437
2535.575412	1.152988	-39.843750	208.398437
2535.577413	1.425895	-39.843750	208.398437
2535.579412	1.430378	-39.843750	208.398437
2535.581412	1.528142	16.809566	0.057695
2536.615412	0.519145	-125.195312	-197.753906
2536.617414	0.827576	-125.195312	-197.753906
2536.619413	1.122964	-125.195312	-197.753906
2536.621413	1.398722	-125.195312	-197.753906
2536.623413	1.530463	-125.195312	-197.753906
2536.625414	1.526942	16.796362	0.060712
2537.650389	0.594167	-49.511719	211.035156
2537.652392	0.900291	-49.511719	211.035156
2537.654391	1.190676	-49.511719	211.035156
2537.656391	1.456259	-49.511719	211.035156
2537.658394	1.533279	-49.511719	211.035156
2537.660393	1.529212	16.821327	0.261519
2538.698421	0.587374	-123.242187	-199.511719
2538.700422	0.893977	-123.242187	-199.511719
2538.702424	1.184806	-123.242187	-199.511719
2538.704423	1.451235	-123.242187	-199.511719
2538.706423	1.530417	-123.242187	-199.511719
2538.708423	1.526364	16.789999	0.221413
2539.726446	0.292773	-31.542969	211.621094
2539.728445	0.609920	-31.542969	211.621094
2539.732445	1.204625	-31.542969	211.621094
2539.734446	1.465413	-31.542969	211.621094
2539.736447	1.529759	-31.542969	211.621094
2539.738445	1.525609	16.781694	0.064849
2540.780441	0.504587	-123.046875	-201.171875
2540.782443	0.813236	-123.046875	-201.171875
2540.784443	1.109596	-123.046875	-201.171875
2540.786443	1.386161	-123.046875	-201.171875
2540.788443	1.531102	-123.046875	-201.171875
2540.790442	1.528108	16.809187	0.056434
2541.806492	0.625252	-41.308594	213.476562
2541.808492	0.930187	-41.308594	213.476562
2541.810492	1.218484	-41.308594	213.476562
2541.814490	1.529264	-41.308594	213.476562
2541.816492	1.525157	-41.308594	213.476562
2541.818492	1.522972	16.752689	0.065835
2542.859058	0.566918	-123.242187	-202.050781
2542.861062	0.581042	-123.242187	-202.050781
2542.863061	1.166744	-123.242187	-202.050781
2542.865062	1.437125	-123.242187	-202.050781
2542.867062	1.530744	-123.242187	-202.050781
2542.869063	1.526600	16.792597	0.118201
2543.883104	0.375158	-41.796875	214.941406
2543.885107	0.687662	-41.796875	214.941406
2543.889107	1.274268	-41.796875	214.941406
2543.891108	1.504135	-41.796875	214.941406
2543.893107	1.527833	-41.796875	214.941406
2543.897106	1.522313	16.745440	0.065002
2544.941119	0.369903	-123.925781	-202.832031
2544.943124	0.683224	-123.925781	-202.832031
2544.945121	0.985590	-123.925781	-202.832031
2544.947125	1.270156	-123.925781	-202.832031
2544.951120	1.528424	-123.925781	-202.832031
2544.953122	1.524852	-123.925781	-202.832031
2544.955121	1.522779	16.750572	0.052665
2545.963651	0.255000	-33.007812	214.843750
2545.965653	0.574339	-33.007812	214.843750
2545.967653	0.881406	-33.007812	214.843750
2545.971651	1.441979	-33.007812	214.843750
2545.973653	1.530282	-33.007812	214.843750
2545.975651	1.525970	16.785666	0.067280
2547.024273	0.782051	-123.828125	-203.027344
2547.026275	1.080160	-123.828125	-203.027344
2547.028307	1.358166	-123.828125	-203.027344
2547.032305	1.528003	-123.828125	-203.027344
2547.034306	1.524790	-123.828125	-203.027344
2547.036309	1.523048	16.753531	0.049521
2548.044852	0.566984	-31.347656	215.039062
2548.046853	0.874360	-31.347656	215.039062
2548.048853	1.166598	-31.347656	215.039062
2548.050854	1.436957	-31.347656	215.039062
2548.054852	1.526963	-31.347656	215.039062
2548.056853	1.524378	16.768162	0.060251
2549.103435	0.768977	-123.730469	-203.710937
2549.105437	1.067558	-123.730469	-203.710937
2549.107437	1.346511	-123.730469	-203.710937
2549.109436	1.525998	-123.730469	-203.710937
2549.111437	1.527418	-123.730469	-203.710937
2549.113437	1.524244	16.766682	0.051151
2550.126001	0.666285	-33.300781	215.039062
2550.128001	0.969358	-33.300781	215.039062
2550.130003	1.254997	-33.300781	215.039062
2550.132003	1.494959	-33.300781	215.039062
2550.134003	1.528099	-33.300781	215.039062
2550.136003	1.524432	16.768747	0.061940
2551.180986	0.387376	-123.144531	-203.222656
2551.184986	1.001517	-123.144531	-203.222656
2551.186988	1.284855	-123.144531	-203.222656
2551.188987	1.508577	-123.144531	-203.222656
2551.190987	1.528040	-123.144531	-203.222656
2551.192988	1.524581	16.770395	0.054357
2552.203121	0.416498	-30.957031	214.160156
2552.205123	0.727714	-30.957031	214.160156
2552.207124	1.028176	-30.957031	214.160156
2552.209123	1.309720	-30.957031	214.160156
2552.213121	1.527334	-30.957031	214.160156
2552.215123	1.524031	-30.957031	214.160156
2552.217121	1.522154	16.743694	0.064004
2553.261722	0.503507	-122.656250	-203.417969
2553.263724	0.812270	-122.656250	-203.417969
2553.265725	1.108706	-122.656250	-203.417969
2553.267724	1.385294	-122.656250	-203.417969
2553.269724	1.530072	-122.656250	-203.417969
2553.271725	1.527043	16.797470	0.039782
2554.284354	0.489359	-36.523437	213.476562
2554.286355	0.798283	-36.523437	213.476562
2554.288355	1.095717	-36.523437	213.476562
2554.290356	1.372615	-36.523437	213.476562
2554.292357	1.528887	-36.523437	213.476562
2554.294355	1.526619	16.792809	0.061543
2555.336414	0.393209	-122.949219	-202.636719
2555.338417	0.705376	-122.949219	-202.636719
2555.340415	1.006813	-122.949219	-202.636719
2555.342416	1.289838	-122.949219	-202.636719
2555.344416	1.510527	-122.949219	-202.636719
2555.346416	1.513745	-122.949219	-202.636719
2555.348417	1.527937	16.807308	0.060780
2556.364400	0.615064	-25.097656	211.328125
2556.366402	0.920440	-25.097656	211.328125
2556.368403	1.209345	-25.097656	211.328125
2556.370404	1.468337	-25.097656	211.328125
2556.372403	1.528863	-25.097656	211.328125
2556.374405	1.524801	16.772808	0.068027
2557.416440	0.313001	-122.265625	-201.757812
2557.418443	0.628887	-122.265625	-201.757812
2557.420443	0.933627	-122.265625	-201.757812
2557.422443	1.221706	-122.265625	-201.757812
2557.424443	1.476563	-122.265625	-201.757812
2557.426443	1.529349	-122.265625	-201.757812
2557.428443	1.525467	16.780136	0.059875
2558.448490	0.496133	-29.980469	209.765625
2558.450493	0.805113	-29.980469	209.765625
2558.452493	1.101995	-29.980469	209.765625
2558.454492	1.378643	-29.980469	209.765625
2558.458489	1.526652	-29.980469	209.765625
2558.460491	1.523832	16.762154	0.054145
2559.496561	0.455980	-123.144531	-200.488281
2559.498560	0.765720	-123.144531	-200.488281
2559.500561	1.064608	-123.144531	-200.488281
2559.502562	1.343562	-123.144531	-200.488281
2559.504563	1.526476	-123.144531	-200.488281
2559.506561	1.528519	-123.144531	-200.488281
2559.508561	1.525378	16.779152	0.051462
2560.529473	0.648588	-35.156250	208.300781
2560.531475	0.952547	-35.156250	208.300781
2560.533475	1.239246	-35.156250	208.300781
2560.535477	1.487079	-35.156250	208.300781
2560.537475	1.529221	-35.156250	208.300781
2560.539475	1.525477	16.780243	0.056439
2561.573459	0.329748	-123.046875	-198.535156
2561.575460	0.644634	-123.046875	-198.535156
2561.577460	0.948588	-123.046875	-198.535156
2561.579461	1.235766	-123.046875	-198.535156
2561.581460	1.484671	-123.046875	-198.535156
2561.583461	1.528606	-123.046875	-198.535156
2561.585460	1.528461	16.813068	0.057153
2562.612400	1.197642	-45.605469	206.445312
2562.614402	1.460357	-45.605469	206.445312
2562.616403	1.529573	-45.605469	206.445312
2562.618402	1.525310	16.778408	0.062549
2563.653007	0.502745	-121.093750	-196.386719
2563.655010	0.811557	-121.093750	-196.386719
2563.659007	1.384609	-121.093750	-196.386719
2563.661009	1.530031	-121.093750	-196.386719
2563.663008	1.527077	16.797842	0.057926
2564.687042	0.430486	-33.398437	203.417969
2564.689044	0.741031	-33.398437	203.417969
2564.691044	1.040942	-33.398437	203.417969
2564.693042	1.321694	-33.398437	203.417969
2564.695045	1.520770	-33.398437	203.417969
2564.699043	1.524316	-33.398437	203.417969
2564.701044	1.522600	16.748596	0.057615
2565.735053	0.738760	-124.218750	-194.238281
2565.737053	1.038826	-124.218750	-194.238281
2565.739053	1.319605	-124.218750	-194.238281
2565.741052	1.520233	-124.218750	-194.238281
2565.743053	1.527747	-124.218750	-194.238281
2565.745053	1.524448	16.768925	0.055959
2566.765164	0.290076	-33.496094	200.781250
2566.767167	0.607215	-33.496094	200.781250
2566.769166	0.912812	-33.496094	200.781250
2566.771167	1.202276	-33.496094	200.781250
2566.773166	1.463539	-33.496094	200.781250
2566.775166	1.529089	-33.496094	200.781250
2566.777166	1.524954	16.774498	0.061694
2567.813205	0.452991	-123.242187	-191.503906
2567.815207	0.763059	-123.242187	-191.503906
2567.817206	1.061960	-123.242187	-191.503906
2567.821205	1.524784	-123.242187	-191.503906
2567.825206	1.523963	-123.242187	-191.503906
2567.827207	1.522104	16.743145	0.047365
2568.851153	0.671129	-37.890625	198.730469
2568.853155	0.974024	-37.890625	198.730469
2568.855156	1.259357	-37.890625	198.730469
2568.857155	1.497737	-37.890625	198.730469
2568.859157	1.529074	-37.890625	198.730469
2568.861157	1.525447	16.779915	0.052876
2569.891736	0.423767	-123.828125	-188.964844
2569.895738	1.034854	-123.828125	-188.964844
2569.899740	1.519494	-123.828125	-188.964844
2569.901742	1.528036	-123.828125	-188.964844
2569.903741	1.524600	16.770599	0.057752
2570.926340	0.272796	-38.281250	197.167969
2570.928342	0.285705	-38.281250	197.167969
2570.930342	0.897324	-38.281250	197.167969
2570.932344	1.187804	-38.281250	197.167969
2570.934343	1.453470	-38.281250	197.167969
2570.936342	1.530125	-38.281250	197.167969
2570.940341	1.523528	16.758814	0.059170
2571.972299	0.471516	-125.390625	-187.597656
2571.974301	0.781165	-125.390625	-187.597656
2571.976301	1.079352	-125.390625	-187.597656
2571.980322	1.528247	-125.390625	-187.597656
2571.982325	1.527437	-125.390625	-187.597656
2571.984322	1.524415	16.768570	0.052835
2573.008364	0.831363	-36.230469	195.214844
2573.010366	1.126500	-36.230469	195.214844
2573.012364	1.402067	-36.230469	195.214844
2573.014366	1.531111	-36.230469	195.214844
2573.016367	1.527491	16.802399	0.054004
2574.052948	0.453994	-124.414062	-185.742187
2574.054949	0.764022	-124.414062	-185.742187
2574.056950	1.062853	-124.414062	-185.742187
2574.058948	1.342001	-124.414062	-185.742187
2574.060948	1.525424	-124.414062	-185.742187
2574.062949	1.527704	-124.414062	-185.742187
2574.064948	1.524568	16.770245	0.062893
2575.083071	0.285112	-16.406250	192.773437
2575.085071	0.602870	-16.406250	192.773437
2575.087070	0.908534	-16.406250	192.773437
2575.089072	1.198280	-16.406250	192.773437
2575.091071	1.460931	-16.406250	192.773437
2575.093070	1.529636	-16.406250	192.773437
2575.095071	1.525374	16.779118	0.056588
2576.135148	0.518225	-123.339844	-184.375000
2576.137151	0.826503	-123.339844	-184.375000
2576.139151	1.121915	-123.339844	-184.375000
2576.141149	1.397781	-123.339844	-184.375000
2576.143150	1.530686	-123.339844	-184.375000
2576.145150	1.527105	16.798153	0.060101
2577.163180	0.784357	-21.386719	192.187500
2577.165181	1.082290	-21.386719	192.187500
2577.167187	1.360084	-21.386719	192.187500
2577.169193	1.528623	-21.386719	192.187500
2577.171191	1.527707	-21.386719	192.187500
2577.173193	1.524619	16.770813	0.060728
2578.215227	0.609383	-125.097656	-183.789062
2578.217228	0.914829	-125.097656	-183.789062
2578.219227	1.204304	-125.097656	-183.789062
2578.221228	1.212669	-125.097656	-183.789062
2578.223229	1.529706	-125.097656	-183.789062
2578.225228	1.525619	16.781811	0.330404
2579.241275	0.689241	-35.156250	191.699219
2579.243277	0.991297	-35.156250	191.699219
2579.245277	1.018627	-35.156250	191.699219
2579.249276	1.528197	-35.156250	191.699219
2579.251278	1.524696	-35.156250	191.699219
2579.253277	1.522637	16.749012	0.066209
2580.295349	0.469947	-127.050781	-183.398437
2580.297353	0.779449	-127.050781	-183.398437
2580.299352	1.077680	-127.050781	-183.398437
2580.301360	1.355738	-127.050781	-183.398437
2580.305355	1.528777	-127.050781	-183.398437
2580.307356	1.525776	-127.050781	-183.398437
2580.309356	1.523897	16.762871	0.058108
2581.319417	0.440772	-22.656250	190.722656
2581.325419	1.330629	-22.656250	190.722656
2581.327421	1.522846	-22.656250	190.722656
2581.329420	1.527548	-22.656250	190.722656
2581.331421	1.524316	16.767471	0.066152
2582.373473	0.496869	-126.464844	-183.398437
2582.375475	0.805758	-126.464844	-183.398437
2582.377475	1.102578	-126.464844	-183.398437
2582.383474	1.527725	-126.464844	-183.398437
2582.385476	1.524760	-126.464844	-183.398437
2582.387476	1.523023	16.753248	0.056422
2583.397478	0.457551	-31.640625	191.113281
2583.399480	0.767430	-31.640625	191.113281
2583.401480	0.777553	-31.640625	191.113281
2583.403481	1.344965	-31.640625	191.113281
2583.405481	1.525963	-31.640625	191.113281
2583.407480	1.527657	-31.640625	191.113281
2583.409480	1.524510	16.769608	0.071131
2584.456077	0.542147	-127.441406	-183.496094
2584.458079	0.850026	-127.441406	-183.496094
2584.460079	1.143739	-127.441406	-183.496094
2584.462078	1.417760	-127.441406	-183.496094
2584.464078	1.530906	-127.441406	-183.496094
2584.466080	1.526949	16.796442	0.053025
2585.478632	0.313850	-17.187500	190.136719
2585.480635	0.629727	-17.187500	190.136719
2585.482635	0.934375	-17.187500	190.136719
2585.484636	1.222382	-17.187500	190.136719
2585.486635	1.476736	-17.187500	190.136719
2585.488634	1.528893	-17.187500	190.136719
2585.490635	1.524998	16.774977	0.060936
2586.534639	0.638165	-126.855469	-183.300781
2586.536641	0.942490	-126.855469	-183.300781
2586.538642	1.229910	-126.855469	-183.300781
2586.540642	1.481346	-126.855469	-183.300781
2586.542641	1.528835	-126.855469	-183.300781
2586.544642	1.524776	16.772532	0.056702
2587.558671	0.563136	-20.410156	190.527344
2587.560675	0.870476	-20.410156	190.527344
2587.562673	1.162832	-20.410156	190.527344
2587.564674	1.433827	-20.410156	190.527344
2587.566672	1.530591	-20.410156	190.527344
2587.568671	1.530493	16.835426	0.060334
2588.616716	0.877368	-125.976562	-183.398437
2588.618720	1.169306	-125.976562	-183.398437
2588.620721	1.439300	-125.976562	-183.398437
2588.622721	1.531242	-125.976562	-183.398437
2588.624722	1.527144	16.798588	0.128701
2589.638706	0.447455	-37.402344	191.113281
2589.640708	0.757224	-37.402344	191.113281
2589.642707	1.056386	-37.402344	191.113281
2589.644707	1.335972	-37.402344	191.113281
2589.646708	1.523681	-37.402344	191.113281
2589.648708	1.527061	-37.402344	191.113281
2589.650707	1.523875	16.762623	0.062918
2590.692726	0.578269	-125.585937	-184.570312
2590.694732	0.885129	-125.585937	-184.570312
2590.696735	1.176890	-125.585937	-184.570312
2590.698738	1.445927	-125.585937	-184.570312
2590.700738	1.530370	-125.585937	-184.570312
2590.702737	1.526082	16.786898	0.172436
2591.720785	0.692288	-35.253906	191.406250
2591.724784	1.278149	-35.253906	191.406250
2591.726787	1.505935	-35.253906	191.406250
2591.728788	1.528275	-35.253906	191.406250
2591.730787	1.524703	16.771734	0.751412
2592.770845	0.564592	-124.804687	-185.156250
2592.772846	0.871931	-124.804687	-185.156250
2592.774848	1.164221	-124.804687	-185.156250
2592.776855	1.435052	-124.804687	-185.156250
2592.778863	1.531107	-124.804687	-185.156250
2592.780864	1.526759	16.794350	0.111984
2593.800922	0.593731	-19.238281	191.113281
2593.802924	0.899928	-19.238281	191.113281
2593.804923	1.190297	-19.238281	191.113281
2593.806925	1.455608	-19.238281	191.113281
2593.808924	1.531461	-19.238281	191.113281
2593.810924	1.527262	16.799881	0.061678
2594.850997	0.668756	-125.097656	-186.230469
2594.852999	0.681506	-125.097656	-186.230469
2594.854998	1.257169	-125.097656	-186.230469
2594.857000	1.496330	-125.097656	-186.230469
2594.858999	1.528511	-125.097656	-186.230469
2594.860999	1.524907	16.773977	0.632316
2595.881042	0.493607	-29.003906	192.578125
2595.883042	0.802595	-29.003906	192.578125
2595.885041	1.099625	-29.003906	192.578125
2595.887042	1.376443	-29.003906	192.578125
2595.889043	1.529104	-29.003906	192.578125
2595.891042	1.526657	16.793226	0.054522
2596.929074	0.508737	-123.828125	-187.597656
2596.931078	1.025885	-123.828125	-187.597656
2596.933076	1.307599	-123.828125	-187.597656
2596.935077	1.516318	-123.828125	-187.597656
2596.937080	1.527257	-123.828125	-187.597656
2596.939081	1.523958	16.763536	0.058192
2597.961711	0.554572	-27.734375	193.750000
2597.963713	0.862231	-27.734375	193.750000
2597.965713	1.155121	-27.734375	193.750000
2597.967713	1.427519	-27.734375	193.750000
2597.971712	1.526797	-27.734375	193.750000
2597.973715	1.524247	16.766720	0.058411
2599.005844	0.297594	-122.558594	-189.648437
2599.007842	0.614293	-122.558594	-189.648437
2599.009844	0.919563	-122.558594	-189.648437
2599.011841	1.208536	-122.558594	-189.648437
2599.013843	1.467883	-122.558594	-189.648437
2599.015844	1.529417	-122.558594	-189.648437
2599.017843	1.525180	16.776981	0.054021
2600.040463	0.442927	-34.765625	195.507812
2600.042464	0.753314	-34.765625	195.507812
2600.044467	1.052575	-34.765625	195.507812
2600.048464	1.523360	-34.765625	195.507812
2600.050471	1.527679	-34.765625	195.507812
2600.052475	1.524422	16.768641	0.054691
2601.085082	0.463466	-122.265625	-191.406250
2601.087084	0.773318	-122.265625	-191.406250
2601.089083	1.071794	-122.265625	-191.406250
2601.091083	1.350318	-122.265625	-191.406250
2601.093084	1.526359	-122.265625	-191.406250
2601.097082	1.523990	-122.265625	-191.406250
2601.099084	1.522202	16.744217	0.060040
2602.121159	0.389712	-28.808594	197.167969
2602.123158	0.702052	-28.808594	197.167969
2602.125158	1.003605	-28.808594	197.167969
2602.127158	1.286790	-28.808594	197.167969
2602.129158	1.509511	-28.808594	197.167969
2602.131158	1.528143	-28.808594	197.167969
2602.133159	1.524746	16.772203	0.057286
2603.165197	0.601502	-121.093750	-193.750000
2603.167199	0.907265	-121.093750	-193.750000
2603.169200	1.197144	-121.093750	-193.750000
2603.171201	1.460019	-121.093750	-193.750000
2603.173199	1.529485	-121.093750	-193.750000
2603.175201	1.525228	16.777504	0.058035
2604.199761	0.531177	-28.613281	199.316406
2604.201764	0.839199	-28.613281	199.316406
2604.203765	1.133665	-28.613281	199.316406
2604.205763	1.408617	-28.613281	199.316406
2604.207763	1.531016	-28.613281	199.316406
2604.209764	1.527185	16.799030	0.054933
2605.244360	0.348430	-119.726562	-196.191406
2605.248359	0.965853	-119.726562	-196.191406
2605.250361	1.251721	-119.726562	-196.191406
2605.252362	1.493681	-119.726562	-196.191406
2605.254362	1.528803	-119.726562	-196.191406
2605.256362	1.524978	16.774755	0.056627
2606.278319	0.301691	-22.949219	200.488281
2606.280319	0.618137	-22.949219	200.488281
2606.282322	0.923163	-22.949219	200.488281
2606.284319	1.211897	-22.949219	200.488281
2606.286321	1.470003	-22.949219	200.488281
2606.288321	1.529223	-22.949219	200.488281
2606.290321	1.525108	16.776182	0.055720
2607.326362	0.818836	-121.289062	-198.925781
2607.328364	1.114724	-121.289062	-198.925781
2607.330364	1.390883	-121.289062	-198.925781
2607.334362	1.527140	-121.289062	-198.925781
2607.336364	1.524288	16.767170	0.053962
2608.357391	0.442254	-21.484375	202.441406
2608.359393	0.752556	-21.484375	202.441406
2608.361393	1.052254	-21.484375	202.441406
2608.363392	1.332094	-21.484375	202.441406
2608.365393	1.523176	-21.484375	202.441406
2608.367393	1.527525	-21.484375	202.441406
2608.369393	1.524303	16.767330	0.056126
2609.405378	0.388409	-118.750000	-200.878906
2609.407382	0.700496	-118.750000	-200.878906
2609.409386	1.002346	-118.750000	-200.878906
2609.411390	1.286840	-118.750000	-200.878906
2609.413389	1.509127	-118.750000	-200.878906
2609.415390	1.527692	-118.750000	-200.878906
2609.417390	1.524374	16.768110	0.054044
2610.435449	0.499343	-21.386719	204.589844
2610.437450	0.807968	-21.386719	204.589844
2610.439451	1.104543	-21.386719	204.589844
2610.441451	1.381113	-21.386719	204.589844
2610.443451	1.530063	-21.386719	204.589844
2610.445451	1.527363	16.800989	0.055209
2611.485504	0.325980	-119.921875	-203.417969
2611.487507	0.641459	-119.921875	-203.417969
2611.489506	0.945560	-119.921875	-203.417969
2611.491507	1.232783	-119.921875	-203.417969
2611.493506	1.483203	-119.921875	-203.417969
2611.495507	1.529263	-119.921875	-203.417969
2611.499505	1.523094	16.754036	0.054784
2612.513549	0.317851	-18.261719	205.761719
2612.515551	0.633547	-18.261719	205.761719
2612.517550	0.937893	-18.261719	205.761719
2612.519551	1.225579	-18.261719	205.761719
2612.521552	1.478655	-18.261719	205.761719
2612.523552	1.528720	-18.261719	205.761719
2612.525551	1.524706	16.771761	0.058419
2613.569636	0.888592	-120.117187	-204.882812
2613.571636	1.179822	-120.117187	-204.882812
2613.573636	1.447247	-120.117187	-204.882812
2613.575637	1.530439	-120.117187	-204.882812
2613.577635	1.526173	16.787899	0.186495
2614.592216	0.550781	1.660156	205.664062
2614.596216	1.151749	1.660156	205.664062
2614.600217	1.531476	1.660156	205.664062
2614.602223	1.527372	1.660156	205.664062
2614.604224	1.524508	16.769588	0.057709
2615.646211	0.481389	-119.531250	-206.054687
2615.648214	0.790605	-119.531250	-206.054687
2615.650215	1.088145	-119.531250	-206.054687
2615.652212	1.365652	-119.531250	-206.054687
2615.654211	1.528604	-119.531250	-206.054687
2615.656215	1.527267	16.799934	0.049061
2616.670241	2.852107	-8.007812	207.128906
2616.672243	0.794663	-8.007812	207.128906
2616.674243	1.092144	-8.007812	207.128906
2616.676243	1.369181	-8.007812	207.128906
2616.678243	1.529366	-8.007812	207.128906
2616.680247	1.527781	16.805588	0.059066
2617.726839	0.459393	-120.214844	-206.152344
2617.728842	0.769140	-120.214844	-206.152344
2617.730842	1.067778	-120.214844	-206.152344
2617.732841	1.346472	-120.214844	-206.152344
2617.734841	1.526515	-120.214844	-206.152344
2617.736843	1.527960	-120.214844	-206.152344
2617.738842	1.524760	16.772364	0.047877
2618.751860	0.734589	-8.593750	207.812500
2618.753862	1.034647	-8.593750	207.812500
2618.755861	1.315746	-8.593750	207.812500
2618.757862	1.323317	-8.593750	207.812500
2618.759862	1.527145	-8.593750	207.812500
2618.761862	1.523934	16.763269	0.056599
2619.804803	0.294258	-119.433594	-206.835937
2619.806806	0.611206	-119.433594	-206.835937
2619.808805	0.916788	-119.433594	-206.835937
2619.810804	1.205866	-119.433594	-206.835937
2619.812805	1.466071	-119.433594	-206.835937
2619.816804	1.525239	-119.433594	-206.835937
2619.818807	1.522974	16.752716	0.050915
2620.828843	0.546753	-4.296875	207.617187
2620.830846	0.854388	-4.296875	207.617187
2620.832845	1.147865	-4.296875	207.617187
2620.834846	1.421218	-4.296875	207.617187
2620.836845	1.531057	-4.296875	207.617187
2620.838845	1.526997	16.796965	0.057920
2621.885455	0.318225	-118.847656	-206.347656
2621.887458	0.633913	-118.847656	-206.347656
2621.889458	0.938327	-118.847656	-206.347656
2621.891457	1.226110	-118.847656	-206.347656
2621.893459	1.479187	-118.847656	-206.347656
2621.895459	1.529191	-118.847656	-206.347656
2621.897459	1.525196	16.777159	0.049622
2622.911493	0.641234	-9.179687	207.324219
2622.913495	0.945289	-9.179687	207.324219
2622.917493	1.482814	-9.179687	207.324219
2622.919495	1.528777	-9.179687	207.324219
2622.921496	1.524888	16.773773	0.060749
2623.962057	0.350267	-118.457031	-206.347656
2623.964058	0.664253	-118.457031	-206.347656
2623.966058	0.967440	-118.457031	-206.347656
2623.968057	1.253086	-118.457031	-206.347656
2623.970058	1.494188	-118.457031	-206.347656
2623.972059	1.528554	-118.457031	-206.347656
2623.974059	1.524893	16.773827	0.050122
2624.988113	0.473758	-12.695312	206.542969
2624.990115	0.783201	-12.695312	206.542969
2624.992113	1.081204	-12.695312	206.542969
2624.994125	1.358946	-12.695312	206.542969
2624.996129	1.527632	-12.695312	206.542969
2624.998130	1.526700	-12.695312	206.542969
2625.000130	1.523724	16.760965	0.054740
2626.042182	0.411894	-118.652344	-205.371094
2626.044183	0.723286	-118.652344	-205.371094
2626.046183	1.023767	-118.652344	-205.371094
2626.048182	1.305629	-118.652344	-205.371094
2626.050183	1.515838	-118.652344	-205.371094
2626.052184	1.527459	-118.652344	-205.371094
2626.054183	1.524179	16.765974	0.048412
2627.068835	0.342874	2.539062	204.882812
2627.070835	0.657220	2.539062	204.882812
2627.072836	0.668716	2.539062	204.882812
2627.074835	1.246763	2.539062	204.882812
2627.076835	1.490809	2.539062	204.882812
2627.078836	1.528463	2.539062	204.882812
2627.080836	1.524776	16.772541	0.055509
2628.120880	0.365170	-117.773437	-205.078125
2628.122883	0.678405	-117.773437	-205.078125
2628.124885	0.980875	-117.773437	-205.078125
2628.126887	1.265797	-117.773437	-205.078125
2628.128884	1.500424	-117.773437	-205.078125
2628.130884	1.528169	-117.773437	-205.078125
2628.132884	1.524505	16.769554	0.049861
2629.150885	0.743866	1.171875	203.808594
2629.152886	1.043589	1.171875	203.808594
2629.154887	1.323980	1.171875	203.808594
2629.158885	1.527823	1.171875	203.808594
2629.160887	1.524518	1.171875	203.808594
2629.162887	1.522666	16.749321	0.054638
2630.198951	0.425507	-117.871094	-203.906250
2630.200952	0.736316	-117.871094	-203.906250
2630.202952	1.036487	-117.871094	-203.906250
2630.204955	1.317412	-117.871094	-203.906250
2630.206955	1.519370	-117.871094	-203.906250
2630.208953	1.522410	-117.871094	-203.906250
2630.210955	1.524134	16.765476	0.051427
2631.230960	0.596465	-3.417969	202.246094
2631.232961	0.902270	-3.417969	202.246094
2631.234961	1.192374	-3.417969	202.246094
2631.236962	1.456587	-3.417969	202.246094
2631.238962	1.529405	-3.417969	202.246094
2631.240961	1.525156	16.776714	0.263874
2632.278984	0.749367	-119.531250	-202.734375
2632.280986	1.048795	-119.531250	-202.734375
2632.282985	1.328996	-119.531250	-202.734375
2632.284986	1.522365	-119.531250	-202.734375
2632.286987	1.527458	-119.531250	-202.734375
2632.288987	1.524343	16.767773	0.049596
2633.310940	0.829740	-13.183594	201.171875
2633.312942	1.124738	-13.183594	201.171875
2633.314942	1.400396	-13.183594	201.171875
2633.316943	1.530054	-13.183594	201.171875
2633.318943	1.526359	16.789946	0.055866
2634.357551	0.322561	-118.359375	-200.781250
2634.359554	0.637955	-118.359375	-200.781250
2634.361554	0.942123	-118.359375	-200.781250
2634.363552	1.229494	-118.359375	-200.781250
2634.365553	1.481051	-118.359375	-200.781250
2634.367553	1.528733	-118.359375	-200.781250
2634.369552	1.524893	16.773827	0.056195
2635.389630	0.427308	-4.687500	199.218750
2635.391632	0.738182	-4.687500	199.218750
2635.393630	1.038053	-4.687500	199.218750
2635.395632	1.318842	-4.687500	199.218750
2635.397632	1.519992	-4.687500	199.218750
2635.399632	1.527751	-4.687500	199.218750
2635.401634	1.524408	16.768490	0.054088
2636.437721	0.867687	-118.457031	-198.242187
2636.439725	1.160089	-118.457031	-198.242187
2636.441722	1.431660	-118.457031	-198.242187
2636.443723	1.530873	-118.457031	-198.242187
2636.445723	1.526746	16.794209	0.091822
2637.468735	0.409360	-19.042969	198.046875
2637.470739	0.720810	-19.042969	198.046875
2637.472739	1.021448	-19.042969	198.046875
2637.474737	1.303328	-19.042969	198.046875
2637.476742	1.514909	-19.042969	198.046875
2637.478741	1.527158	-19.042969	198.046875
2637.480745	1.523938	16.763315	0.057244
2638.515382	0.627417	-117.773437	-196.679687
2638.517385	0.931965	-117.773437	-196.679687
2638.519384	1.220138	-117.773437	-196.679687
2638.521385	1.475480	-117.773437	-196.679687
2638.523386	1.529210	-117.773437	-196.679687
2638.525390	1.525102	16.776121	0.055509
2639.547415	0.319003	-11.230469	195.019531
2639.549417	0.634340	-11.230469	195.019531
2639.551417	0.938684	-11.230469	195.019531
2639.553417	1.226280	-11.230469	195.019531
2639.555416	1.479183	-11.230469	195.019531
2639.557416	1.528802	-11.230469	195.019531
2639.559416	1.524867	16.773542	0.058743
2640.595443	0.755828	-117.480469	-194.628906
2640.597451	1.054960	-117.480469	-194.628906
2640.599453	1.336017	-117.480469	-194.628906
2640.601454	1.523588	-117.480469	-194.628906
2640.603453	1.527002	-117.480469	-194.628906
2640.605452	1.523832	16.762154	0.054506
2641.627503	0.417116	-10.839844	193.457031
2641.629505	0.728118	-10.839844	193.457031
2641.631506	1.028493	-10.839844	193.457031
2641.633505	1.309864	-10.839844	193.457031
2641.635505	1.516944	-10.839844	193.457031
2641.637505	1.527131	-10.839844	193.457031
2641.639505	1.523832	16.762154	0.055193
2642.675530	0.690744	-120.410156	-193.164062
2642.677532	0.992726	-120.410156	-193.164062
2642.679533	1.276855	-120.410156	-193.164062
2642.681533	1.505380	-120.410156	-193.164062
2642.683534	1.528095	-120.410156	-193.164062
2642.685533	1.524469	16.769156	0.054168
2643.706211	0.332716	-15.625000	191.992187
2643.708212	0.647646	-15.625000	191.992187
2643.712209	1.238214	-15.625000	191.992187
2643.716212	1.528051	-15.625000	191.992187
2643.718211	1.524170	-15.625000	191.992187
2643.720213	1.522066	16.742729	0.056457
2644.754315	0.581330	-121.093750	-191.503906
2644.758315	1.179014	-121.093750	-191.503906
2644.762316	1.530431	-121.093750	-191.503906
2644.766317	1.523801	-121.093750	-191.503906
2644.768317	1.522415	16.746565	0.183879
2645.784388	0.410607	-12.402344	190.625000
2645.786390	0.721959	-12.402344	190.625000
2645.788390	1.022548	-12.402344	190.625000
2645.790389	1.304485	-12.402344	190.625000
2645.792389	1.515424	-12.402344	190.625000
2645.794389	1.527395	-12.402344	190.625000
2645.796390	1.524059	16.764654	0.056897
2646.832393	0.318473	-121.582031	-189.941406
2646.834394	0.634020	-121.582031	-189.941406
2646.836394	0.938455	-121.582031	-189.941406
2646.838395	1.226162	-121.582031	-189.941406
2646.840394	1.479048	-121.582031	-189.941406
2646.842395	1.528880	-121.582031	-189.941406
2646.844394	1.524853	16.773382	0.057508
2647.864440	0.498953	-9.375000	189.453125
2647.866440	0.807709	-9.375000	189.453125
2647.868440	1.104296	-9.375000	189.453125
2647.870441	1.380866	-9.375000	189.453125
2647.872440	1.529985	-9.375000	189.453125
2647.874446	1.527342	16.800758	0.055056
2648.912484	0.375162	-120.214844	-188.964844
2648.914487	0.687686	-120.214844	-188.964844
2648.916487	0.989669	-120.214844	-188.964844
2648.918487	1.273881	-120.214844	-188.964844
2648.920485	1.503960	-120.214844	-188.964844
2648.922487	1.528013	-120.214844	-188.964844
2648.924486	1.527916	16.807077	0.055983
2649.940555	0.370979	-20.996094	189.160156
2649.942556	0.684046	-20.996094	189.160156
2649.944557	0.986204	-20.996094	189.160156
2649.946559	1.270629	-20.996094	189.160156
2649.948558	1.502613	-20.996094	189.160156
2649.950558	1.528221	-20.996094	189.160156
2649.952557	1.524545	16.769997	0.059743
2650.992592	0.392648	-120.605469	-188.085937
2650.994595	0.704784	-120.605469	-188.085937
2650.996594	1.006095	-120.605469	-188.085937
2650.998596	1.289162	-120.605469	-188.085937
2651.000594	1.510631	-120.605469	-188.085937
2651.002594	1.528532	-120.605469	-188.085937
2651.004594	1.525079	16.775864	0.047703
2652.020714	0.355332	-14.746094	188.281250
2652.022715	0.669055	-14.746094	188.281250
2652.026715	1.257296	-14.746094	188.281250
2652.028714	1.495975	-14.746094	188.281250
2652.030716	1.527551	-14.746094	188.281250
2652.032713	1.524014	16.764156	0.052281
2653.072818	0.346251	-121.875000	-188.183594
2653.074818	0.660438	-121.875000	-188.183594
2653.076819	0.963721	-121.875000	-188.183594
2653.078817	1.249589	-121.875000	-188.183594
2653.080817	1.492308	-121.875000	-188.183594
2653.082819	1.528184	-121.875000	-188.183594
2653.084818	1.524604	16.770643	0.053883
2654.098882	0.390565	-6.640625	187.500000
2654.100882	0.702526	-6.640625	187.500000
2654.104880	1.287078	-6.640625	187.500000
2654.106885	1.509173	-6.640625	187.500000
2654.108886	1.527320	-6.640625	187.500000
2654.110884	1.523987	16.763857	0.056287
2655.152948	0.528989	-121.582031	-187.890625
2655.154951	0.836991	-121.582031	-187.890625
2655.158950	1.406551	-121.582031	-187.890625
2655.160951	1.529743	-121.582031	-187.890625
2655.162951	1.525845	16.784292	0.048248
2656.179014	0.531544	-9.570312	187.304687
2656.181017	0.839602	-9.570312	187.304687
2656.183016	1.134004	-9.570312	187.304687
2656.187014	1.530607	-9.570312	187.304687
2656.189016	1.526719	-9.570312	187.304687
2656.191017	1.523922	16.763138	0.053625
2657.232055	0.429983	-121.386719	-187.792969
2657.234057	0.740560	-121.386719	-187.792969
2657.236059	1.040454	-121.386719	-187.792969
2657.238059	1.321100	-121.386719	-187.792969
2657.240058	1.520213	-121.386719	-187.792969
2657.242057	1.527074	-121.386719	-187.792969
2657.244059	1.523954	16.763493	0.050895
2658.258095	0.506515	-9.472656	187.402344
2658.260099	0.815077	-9.472656	187.402344
2658.262097	1.111106	-9.472656	187.402344
2658.264099	1.387424	-9.472656	187.402344
2658.266098	1.529929	-9.472656	187.402344
2658.268099	1.526720	16.793917	0.057625
2659.310687	0.494824	-123.144531	-188.378906
2659.312690	0.803583	-123.144531	-188.378906
2659.314689	1.100475	-123.144531	-188.378906
2659.316689	1.377139	-123.144531	-188.378906
2659.318689	1.530178	-123.144531	-188.378906
2659.320690	1.527751	16.805260	0.055029
2660.333277	0.267004	0.585937	187.011719
2660.335277	0.585440	0.585937	187.011719
2660.337278	0.891993	0.585937	187.011719
2660.339278	1.182765	0.585937	187.011719
2660.341277	1.449545	0.585937	187.011719
2660.343278	1.530166	0.585937	187.011719
2660.345277	1.525808	16.783886	0.058546
2661.391251	0.541797	-120.800781	-189.062500
2661.393250	0.849674	-120.800781	-189.062500
2661.395252	1.143387	-120.800781	-189.062500
2661.397250	1.417172	-120.800781	-189.062500
2661.399251	1.530416	-120.800781	-189.062500
2661.401251	1.526413	16.790541	0.049979
2662.417245	0.695059	6.738281	187.011719
2662.419247	0.996826	6.738281	187.011719
2662.423246	1.507067	6.738281	187.011719
2662.425247	1.528398	6.738281	187.011719
2662.427248	1.524804	16.772842	0.052703
2663.469313	0.559450	-120.410156	-189.648437
2663.471313	0.866951	-120.410156	-189.648437
2663.475313	1.430877	-120.410156	-189.648437
2663.477315	1.529815	-120.410156	-189.648437
2663.479315	1.525558	16.781137	0.084658
2664.495370	0.319284	-18.652344	188.085937
2664.497372	0.634812	-18.652344	188.085937
2664.499373	0.939103	-18.652344	188.085937
2664.501371	1.226683	-18.652344	188.085937
2664.503372	1.479188	-18.652344	188.085937
2664.505372	1.528294	-18.652344	188.085937
2664.507373	1.524465	16.769112	0.056498
2665.547473	0.549920	-120.312500	-190.917969
2665.549475	0.857564	-120.312500	-190.917969
2665.551474	1.150790	-120.312500	-190.917969
2665.553474	1.423692	-120.312500	-190.917969
2665.555476	1.531115	-120.312500	-190.917969
2665.557474	1.526961	16.796576	0.050882
2666.577451	0.527933	-1.660156	187.792969
2666.579454	0.835843	-1.660156	187.792969
2666.581452	1.130551	-1.660156	187.792969
2666.583453	1.405536	-1.660156	187.792969
2666.585453	1.530734	-1.660156	187.792969
2666.587452	1.527094	16.798038	0.054730
2667.627458	0.788190	-118.750000	-192.285156
2667.629457	1.085781	-118.750000	-192.285156
2667.631464	1.363266	-118.750000	-192.285156
2667.633462	1.527857	-118.750000	-192.285156
2667.635462	1.526528	16.791807	0.051401
2668.657502	0.432530	0.000000	188.769531
2668.661502	1.315307	0.000000	188.769531
2668.663509	1.518492	0.000000	188.769531
2668.665506	1.527058	0.000000	188.769531
2668.667512	1.523758	16.761339	0.054291
2669.705577	0.774379	-117.871094	-192.968750
2669.707579	1.072842	-117.871094	-192.968750
2669.709578	1.351126	-117.871094	-192.968750
2669.711577	1.526401	-117.871094	-192.968750
2669.713580	1.526785	-117.871094	-192.968750
2669.715578	1.523818	16.761993	0.053620
2670.737612	0.511921	-5.468750	189.746094
2670.739615	0.820413	-5.468750	189.746094
2670.743613	1.392229	-5.468750	189.746094
2670.745621	1.529846	-5.468750	189.746094
2670.747621	1.526409	16.790495	0.054364
2671.781657	0.524618	-119.531250	-195.019531
2671.783659	0.832833	-119.531250	-195.019531
2671.787656	1.403024	-119.531250	-195.019531
2671.789657	1.529971	-119.531250	-195.019531
2671.791658	1.526131	16.787439	0.054020
2672.815720	0.535131	-14.746094	191.796875
2672.817722	0.842992	-14.746094	191.796875
2672.819728	1.137780	-14.746094	191.796875
2672.821727	1.412135	-14.746094	191.796875
2672.823726	1.530602	-14.746094	191.796875
2672.825726	1.526571	16.792286	0.053215
2673.860711	0.333540	-117.578125	-197.363281
2673.862714	0.648353	-117.578125	-197.363281
2673.864713	0.952031	-117.578125	-197.363281
2673.866713	1.238800	-117.578125	-197.363281
2673.868714	1.486292	-117.578125	-197.363281
2673.872711	1.524511	-117.578125	-197.363281
2673.874713	1.522352	16.745874	0.053348
2674.896718	0.767891	-0.390625	192.968750
2674.898719	1.066483	-0.390625	192.968750
2674.900721	1.345299	-0.390625	192.968750
2674.902720	1.525509	-0.390625	192.968750
2674.904722	1.527031	-0.390625	192.968750
2674.906722	1.523978	16.763758	0.053277
2675.942833	0.861883	-116.113281	-198.925781
2675.944835	1.154763	-116.113281	-198.925781
2675.946836	1.427117	-116.113281	-198.925781
2675.948834	1.530716	-116.113281	-198.925781
2675.950835	1.526541	16.791950	0.052324
2676.974869	0.561864	3.515625	194.140625
2676.976868	0.869258	3.515625	194.140625
2676.978866	1.161679	3.515625	194.140625
2676.980868	1.432937	3.515625	194.140625
2676.982867	1.530849	3.515625	194.140625
2676.986865	1.523972	16.763687	0.051652
2678.018891	0.531475	-117.285156	-200.976562
2678.020893	0.839438	-117.285156	-200.976562
2678.022894	1.133767	-117.285156	-200.976562
2678.024893	1.408631	-117.285156	-200.976562
2678.026893	1.530686	-117.285156	-200.976562
2678.028895	1.526749	16.794235	0.054587
2679.053498	0.588120	-6.542969	196.484375
2679.055500	0.894512	-6.542969	196.484375
2679.057500	1.185050	-6.542969	196.484375
2679.059498	1.451112	-6.542969	196.484375
2679.061498	1.529671	-6.542969	196.484375
2679.063499	1.525271	16.777981	0.055282
2680.100056	0.553091	-115.429687	-203.027344
2680.102057	0.860566	-115.429687	-203.027344
2680.104057	1.153498	-115.429687	-203.027344
2680.106056	1.426052	-115.429687	-203.027344
2680.108057	1.531223	-115.429687	-203.027344
2680.110056	1.527087	16.797958	0.049498
2681.134175	0.809666	9.960937	197.070312
2681.136178	1.106021	9.960937	197.070312
2681.138176	1.382565	9.960937	197.070312
2681.140176	1.529631	9.960937	197.070312
2681.142180	1.526647	16.793119	0.050439
2682.178217	0.506125	-115.625000	-205.078125
2682.180219	0.519020	-115.625000	-205.078125
2682.184220	1.387254	-115.625000	-205.078125
2682.186217	1.529254	-115.625000	-205.078125
2682.188219	1.526016	16.786171	0.051279
2683.210232	0.517222	7.519531	198.437500
2683.212233	0.825275	7.519531	198.437500
2683.214233	1.120708	7.519531	198.437500
2683.216232	1.396397	7.519531	198.437500
2683.218235	1.530171	7.519531	198.437500
2683.220240	1.526596	16.792551	0.053147
2684.260231	0.699108	-114.843750	-206.250000
2684.262233	1.000695	-114.843750	-206.250000
2684.264233	1.284111	-114.843750	-206.250000
2684.266234	1.507787	-114.843750	-206.250000
2684.268233	1.527212	-114.843750	-206.250000
2684.270233	1.523805	16.761852	0.048822
2685.290308	0.746402	-3.027344	200.000000
2685.292308	1.102306	-3.027344	200.000000
2685.294310	1.378854	-3.027344	200.000000
2685.296312	1.529508	-3.027344	200.000000
2685.298315	1.526840	16.795237	0.051803
2686.338348	0.487150	-117.089844	-208.496094
2686.340350	0.796130	-117.089844	-208.496094
2686.342351	1.093555	-117.089844	-208.496094
2686.344349	1.370465	-117.089844	-208.496094
2686.346350	1.528622	-117.089844	-208.496094
2686.350350	1.523657	16.760231	0.050563
2687.366978	0.450887	14.160156	199.316406
2687.368979	0.760802	14.160156	199.316406
2687.370980	1.059754	14.160156	199.316406
2687.372979	1.339021	14.160156	199.316406
2687.374980	1.524151	14.160156	199.316406
2687.376979	1.525449	14.160156	199.316406
2687.378979	1.523665	16.760311	0.053751
2688.419062	0.678841	-117.480469	-209.667969
2688.421064	0.981271	-117.480469	-209.667969
2688.423064	1.266000	-117.480469	-209.667969
2688.425062	1.500379	-117.480469	-209.667969
2688.427064	1.528107	-117.480469	-209.667969
2688.429063	1.524577	16.770351	0.045512
2689.445631	0.600492	10.839844	200.488281
2689.447634	0.906115	10.839844	200.488281
2689.449634	1.196197	10.839844	200.488281
2689.451633	1.459153	10.839844	200.488281
2689.453634	1.528967	10.839844	200.488281
2689.455635	1.524802	16.772823	0.054265
2690.497712	0.509474	-117.285156	-209.570312
2690.499714	0.817982	-117.285156	-209.570312
2690.501715	1.113783	-117.285156	-209.570312
2690.503715	1.389884	-117.285156	-209.570312
2690.505714	1.529443	-117.285156	-209.570312
2690.507714	1.526097	16.787066	0.045738
2691.521704	0.302982	16.699219	200.488281
2691.523706	0.619604	16.699219	200.488281
2691.525710	0.924850	16.699219	200.488281
2691.527714	1.213407	16.699219	200.488281
2691.529717	1.472030	16.699219	200.488281
2691.531717	1.475297	16.699219	200.488281
2691.533718	1.525663	16.782290	0.055822
2692.575802	0.368907	-115.429687	-209.667969
2692.577803	0.682023	-115.429687	-209.667969
2692.579804	0.984278	-115.429687	-209.667969
2692.581803	1.268785	-115.429687	-209.667969
2692.585802	1.527749	-115.429687	-209.667969
2692.587803	1.524340	-115.429687	-209.667969
2692.589804	1.522340	16.745741	0.048419
2693.603828	0.398693	2.636719	200.878906
2693.605830	0.710400	2.636719	200.878906
2693.607833	1.011384	2.636719	200.878906
2693.609830	1.294083	2.636719	200.878906
2693.611834	1.511583	2.636719	200.878906
2693.613832	1.526837	2.636719	200.878906
2693.615833	1.523452	16.757971	0.051897
2694.655866	0.539815	-114.843750	-209.179687
2694.657868	0.847607	-114.843750	-209.179687
2694.659868	1.141523	-114.843750	-209.179687
2694.661868	1.415474	-114.843750	-209.179687
2694.663868	1.530657	-114.843750	-209.179687
2694.665868	1.526631	16.792942	0.045937
2695.685882	0.637657	9.375000	199.511719
2695.687881	0.941807	9.375000	199.511719
2695.689882	1.229157	9.375000	199.511719
2695.691884	1.480678	9.375000	199.511719
2695.693883	1.528212	9.375000	199.511719
2695.697881	1.522185	16.744030	0.050717
2696.731889	0.516444	-116.503906	-209.667969
2696.735889	1.120432	-116.503906	-209.667969
2696.737889	1.396103	-116.503906	-209.667969
2696.739890	1.529965	-116.503906	-209.667969
2696.741890	1.526419	16.790611	0.046749
2697.765992	0.694958	-1.464844	199.804687
2697.767996	0.996612	-1.464844	199.804687
2697.769995	1.280352	-1.464844	199.804687
2697.771995	1.506257	-1.464844	199.804687
2697.773994	1.527006	-1.464844	199.804687
2697.775995	1.523529	16.758821	0.048540
2698.810602	0.595866	-114.355469	-208.691406
2698.812604	0.901752	-114.355469	-208.691406
2698.814604	1.191844	-114.355469	-208.691406
2698.816604	1.455958	-114.355469	-208.691406
2698.818604	1.529138	-114.355469	-208.691406
2698.820604	1.524853	16.773382	0.265661
2699.842661	0.333042	8.496094	198.242187
2699.844663	0.647788	8.496094	198.242187
2699.846661	0.951506	8.496094	198.242187
2699.848661	1.238235	8.496094	198.242187
2699.850661	1.485941	8.496094	198.242187
2699.852661	1.528118	8.496094	198.242187
2699.856659	1.522191	16.744102	0.050169
2700.888703	0.378613	-116.113281	-208.496094
2700.890704	0.691029	-116.113281	-208.496094
2700.892705	0.992863	-116.113281	-208.496094
2700.894703	1.276779	-116.113281	-208.496094
2700.896702	1.504749	-116.113281	-208.496094
2700.898705	1.527099	-116.113281	-208.496094
2700.900706	1.523654	16.760195	0.049750
2701.925647	0.681087	-5.957031	197.851562
2701.927651	0.983337	-5.957031	197.851562
2701.929649	1.268261	-5.957031	197.851562
2701.931652	1.501355	-5.957031	197.851562
2701.933653	1.527439	-5.957031	197.851562
2701.935653	1.523984	16.763828	0.050120
2702.966153	0.338767	-116.308594	-206.933594
2702.968157	0.653332	-116.308594	-206.933594
2702.970164	0.957448	-116.308594	-206.933594
2702.972163	1.244613	-116.308594	-206.933594
2702.974164	1.489462	-116.308594	-206.933594
2702.976164	1.528102	-116.308594	-206.933594
2702.978164	1.524328	16.767605	0.051920
2704.002187	0.421524	-5.566406	196.777344
2704.004188	0.732444	-5.566406	196.777344
2704.006189	1.032474	-5.566406	196.777344
2704.008189	1.313584	-5.566406	196.777344
2704.010190	1.518211	-5.566406	196.777344
2704.012190	1.527287	-5.566406	196.777344
2704.014189	1.524040	16.764441	0.055351
2705.048725	1.085030	-113.769531	-205.468750
2705.050732	1.362494	-113.769531	-205.468750
2705.052731	1.527960	-113.769531	-205.468750
2705.054734	1.526722	16.793943	0.052317
2706.084786	0.628012	-4.101562	195.214844
2706.086787	0.932508	-4.101562	195.214844
2706.088788	1.220579	-4.101562	195.214844
2706.090789	1.475464	-4.101562	195.214844
2706.092787	1.528674	-4.101562	195.214844
2706.094788	1.524691	16.771601	0.046705
2707.125436	0.589147	-116.503906	-204.492187
2707.127439	0.895406	-116.503906	-204.492187
2707.129438	1.185950	-116.503906	-204.492187
2707.131438	1.451721	-116.503906	-204.492187
2707.133438	1.529461	-116.503906	-204.492187
2707.135438	1.525169	16.776857	0.059245
2708.162025	0.395384	-14.648437	193.945312
2708.164025	0.707115	-14.648437	193.945312
2708.166026	1.008364	-14.648437	193.945312
2708.168025	1.291174	-14.648437	193.945312
2708.170026	1.510660	-14.648437	193.945312
2708.172027	1.527348	-14.648437	193.945312
2708.174024	1.523949	16.763439	0.052682
2709.201052	0.300617	-115.429687	-202.832031
2709.203055	0.617078	-115.429687	-202.832031
2709.205053	0.922134	-115.429687	-202.832031
2709.207054	1.210777	-115.429687	-202.832031
2709.209054	1.469213	-115.429687	-202.832031
2709.211052	1.528698	-115.429687	-202.832031
2709.213053	1.524557	16.770123	0.057521
2710.241066	0.279716	-7.617187	191.894531
2710.243069	0.597488	-7.617187	191.894531
2710.245067	0.903467	-7.617187	191.894531
2710.247068	1.193551	-7.617187	191.894531
2710.249068	1.457336	-7.617187	191.894531
2710.251067	1.528942	-7.617187	191.894531
2710.253068	1.524668	16.771353	0.052267
2711.279146	0.365389	-115.234375	-200.390625
2711.281146	0.678413	-115.234375	-200.390625
2711.283145	0.980923	-115.234375	-200.390625
2711.285146	1.265591	-115.234375	-200.390625
2711.287145	1.499844	-115.234375	-200.390625
2711.289144	1.527583	-115.234375	-200.390625
2711.291145	1.523996	16.763954	0.057152
2712.321244	0.474897	-8.593750	190.234375
2712.323244	0.784291	-8.593750	190.234375
2712.325245	1.082112	-8.593750	190.234375
2712.327248	1.359797	-8.593750	190.234375
2712.329251	1.527500	-8.593750	190.234375
2712.331250	1.527949	-8.593750	190.234375
2712.333250	1.523599	16.759594	0.050344
2713.361839	0.586770	-116.406250	-198.828125
2713.363841	0.893116	-116.406250	-198.828125
2713.365840	1.183757	-116.406250	-198.828125
2713.367842	1.450233	-116.406250	-198.828125
2713.371841	1.525628	-116.406250	-198.828125
2713.375840	1.521729	16.739016	0.211612
2714.399813	0.651551	-10.449219	189.257812
2714.403813	1.241578	-10.449219	189.257812
2714.405815	1.487697	-10.449219	189.257812
2714.409814	1.524143	-10.449219	189.257812
2714.411815	1.522092	16.743011	0.052309
2715.442412	0.949341	-117.089844	-197.460937
2715.444414	1.236080	-117.089844	-197.460937
2715.446416	1.484799	-117.089844	-197.460937
2715.448413	1.528358	-117.089844	-197.460937
2715.450414	1.524590	16.770485	0.052928
2716.476976	0.283911	-14.453125	187.988281
2716.480981	0.907740	-14.453125	187.988281
2716.482983	1.197503	-14.453125	187.988281
2716.486981	1.529101	-14.453125	187.988281
2716.488983	1.524834	-14.453125	187.988281
2716.490982	1.522556	16.748117	0.053113
2717.519024	0.548314	-117.382812	-195.996094
2717.521026	0.856049	-117.382812	-195.996094
2717.523027	1.149255	-117.382812	-195.996094
2717.525026	1.422233	-117.382812	-195.996094
2717.529025	1.526519	-117.382812	-195.996094
2717.531028	1.523887	16.762758	0.054752
2718.557625	0.629608	-11.132812	187.011719
2718.559625	0.644190	-11.132812	187.011719
2718.561624	1.221976	-11.132812	187.011719
2718.563626	1.476268	-11.132812	187.011719
2718.565626	1.528374	-11.132812	187.011719
2718.567625	1.524350	16.767853	0.051226
2719.600199	0.651329	-115.429687	-194.531250
2719.602200	0.954880	-115.429687	-194.531250
2719.604200	1.241388	-115.429687	-194.531250
2719.606201	1.487647	-115.429687	-194.531250
2719.608200	1.528012	-115.429687	-194.531250
2719.610200	1.524256	16.766815	0.052309
2720.634195	0.451509	-5.371094	185.839844
2720.636196	0.761528	-5.371094	185.839844
2720.638196	1.060352	-5.371094	185.839844
2720.640198	1.339578	-5.371094	185.839844
2720.642196	1.524876	-5.371094	185.839844
2720.644197	1.525897	-5.371094	185.839844
2720.646197	1.524399	16.768393	0.053904
2721.678281	0.590014	-117.285156	-193.554687
2721.680281	0.896039	-117.285156	-193.554687
2721.682281	1.186597	-117.285156	-193.554687
2721.684281	1.452048	-117.285156	-193.554687
2721.686282	1.528891	-117.285156	-193.554687
2721.688281	1.524693	16.771620	0.055249
2722.712881	0.366295	-2.929687	184.765625
2722.714884	0.679202	-2.929687	184.765625
2722.716883	0.981632	-2.929687	184.765625
2722.718883	1.266290	-2.929687	184.765625
2722.720884	1.500225	-2.929687	184.765625
2722.722884	1.527699	-2.929687	184.765625
2722.726882	1.521986	16.741850	0.051312
2723.757478	0.343944	-115.820312	-192.382812
2723.759479	0.657834	-115.820312	-192.382812
2723.761480	0.961133	-115.820312	-192.382812
2723.763480	1.247173	-115.820312	-192.382812
2723.765479	1.491096	-115.820312	-192.382812
2723.767478	1.528405	-115.820312	-192.382812
2723.769479	1.524611	16.770716	0.046281
2724.791523	0.514181	3.515625	184.179687
2724.793525	0.822234	3.515625	184.179687
2724.795526	1.117856	3.515625	184.179687
2724.797526	1.393721	3.515625	184.179687
2724.801523	1.526676	3.515625	184.179687
2724.803527	1.523888	16.762766	0.051239
2725.835573	0.447295	-118.164062	-192.480469
2725.837575	0.757225	-118.164062	-192.480469
2725.839575	1.056200	-118.164062	-192.480469
2725.841574	1.335696	-118.164062	-192.480469
2725.843574	1.523245	-118.164062	-192.480469
2725.845575	1.526620	-118.164062	-192.480469
2725.847575	1.523453	16.757988	0.055011
2726.870548	0.562368	-4.687500	184.277344
2726.872549	0.869734	-4.687500	184.277344
2726.874550	0.880802	-4.687500	184.277344
2726.876550	1.432924	-4.687500	184.277344
2726.878549	1.529740	-4.687500	184.277344
2726.880550	1.525506	16.780561	0.091386
2727.915122	0.417929	-116.308594	-192.382812
2727.919122	1.029208	-116.308594	-192.382812
2727.923122	1.517123	-116.308594	-192.382812
2727.925126	1.527073	-116.308594	-192.382812
2727.927125	1.523776	16.761534	0.053370
2728.949173	0.588189	-13.476562	184.765625
2728.951176	0.894445	-13.476562	184.765625
2728.953175	1.184987	-13.476562	184.765625
2728.955175	1.451043	-13.476562	184.765625
2728.957177	1.529115	-13.476562	184.765625
2728.959175	1.524830	16.773127	0.053772
2729.995192	0.667709	-117.089844	-192.480469
2729.997193	0.970535	-117.089844	-192.480469
2729.999193	1.256093	-117.089844	-192.480469
2730.001191	1.495190	-117.089844	-192.480469
2730.003193	1.527633	-117.089844	-192.480469
2730.005193	1.523992	16.763908	0.053011
2731.029192	0.630156	-1.660156	184.082031
2731.031196	0.934638	-1.660156	184.082031
2731.033193	1.222506	-1.660156	184.082031
2731.035193	1.476641	-1.660156	184.082031
2731.037194	1.528520	-1.660156	184.082031
2731.039193	1.524561	16.770166	0.053182
2732.073185	0.554472	-117.968750	-192.480469
2732.077184	1.154748	-117.968750	-192.480469
2732.079187	1.427047	-117.968750	-192.480469
2732.081187	1.530501	-117.968750	-192.480469
2732.083186	1.526239	16.788626	0.050445
2733.109287	0.800671	-7.031250	184.667969
2733.111290	1.097775	-7.031250	184.667969
2733.113289	1.374458	-7.031250	184.667969
2733.115300	1.529550	-7.031250	184.667969
2733.117306	1.527326	16.800581	0.050072
2734.151836	0.465015	-116.015625	-192.675781
2734.153837	0.774743	-116.015625	-192.675781
2734.157838	1.351632	-116.015625	-192.675781
2734.159839	1.526501	-116.015625	-192.675781
2734.161841	1.527227	-116.015625	-192.675781
2734.163839	1.523817	16.761986	0.051069
2735.185921	0.316200	3.417969	184.277344
2735.187923	0.631886	3.417969	184.277344
2735.189923	0.936340	3.417969	184.277344
2735.191923	1.224029	3.417969	184.277344
2735.193923	1.477476	3.417969	184.277344
2735.195922	1.528141	3.417969	184.277344
2735.197923	1.524316	16.767481	0.051835
2736.229953	0.369072	-116.601562	-193.457031
2736.231954	0.393696	-116.601562	-193.457031
2736.233953	0.984209	-116.601562	-193.457031
2736.235955	1.268684	-116.601562	-193.457031
2736.237952	1.501610	-116.601562	-193.457031
2736.241953	1.524415	-116.601562	-193.457031
2736.243954	1.522283	16.745113	0.051273
2737.268580	0.850486	-6.152344	185.449219
2737.272579	1.417651	-6.152344	185.449219
2737.274588	1.529548	-6.152344	185.449219
2737.276590	1.525348	16.778824	0.053271
2738.309203	0.571908	-114.648437	-194.628906
2738.311205	0.878914	-114.648437	-194.628906
2738.313204	1.170773	-114.648437	-194.628906
2738.315206	1.440340	-114.648437	-194.628906
2738.317206	1.531395	-114.648437	-194.628906
2738.319204	1.527329	16.800615	0.141758
2739.349201	0.866517	-3.125000	185.742187
2739.351202	1.159086	-3.125000	185.742187
2739.355201	1.529341	-3.125000	185.742187
2739.359201	1.522667	-3.125000	185.742187
2739.361202	1.521025	16.731277	0.076948
2740.387774	0.468793	-115.917969	-195.703125
2740.389776	0.778001	-115.917969	-195.703125
2740.391776	1.076162	-115.917969	-195.703125
2740.395781	1.527595	-115.917969	-195.703125
2740.399783	1.527443	-115.917969	-195.703125
2740.401783	1.522739	16.750128	0.053229
2741.424824	0.508588	2.441406	185.742187
2741.426826	0.816999	2.441406	185.742187
2741.428828	1.112867	2.441406	185.742187
2741.430826	1.389076	2.441406	185.742187
2741.432826	1.529543	2.441406	185.742187
2741.434825	1.526336	16.789698	0.052190
2742.462376	2.192742	-115.234375	-197.753906
2742.467719	0.780222	-115.234375	-197.753906
2742.469720	1.078183	-115.234375	-197.753906
2742.471727	1.356143	-115.234375	-197.753906
2742.473725	1.528614	-115.234375	-197.753906
2742.475723	1.528562	-115.234375	-197.753906
2742.477724	1.525414	16.779551	0.052730
2743.506237	0.690071	-6.445312	187.011719
2743.508240	0.992081	-6.445312	187.011719
2743.510241	1.275981	-6.445312	187.011719
2743.512241	1.504578	-6.445312	187.011719
2743.514239	1.527642	-6.445312	187.011719
2743.516239	1.524099	16.765087	0.050065
2744.542767	0.325672	-114.941406	-199.121094
2744.544768	0.640795	-114.941406	-199.121094
2744.548768	1.231936	-114.941406	-199.121094
2744.550769	1.482154	-114.941406	-199.121094
2744.552769	1.527950	-114.941406	-199.121094
2744.554769	1.524162	16.765779	0.057182
2745.585360	0.633768	-7.324219	188.574219
2745.587362	0.938056	-7.324219	188.574219
2745.589363	1.225753	-7.324219	188.574219
2745.591362	1.478528	-7.324219	188.574219
2745.593362	1.528325	-7.324219	188.574219
2745.595362	1.524340	16.767738	0.049184
2746.621973	0.484852	-115.234375	-201.074219
2746.623973	0.793795	-115.234375	-201.074219
2746.625974	1.091253	-115.234375	-201.074219
2746.627974	1.368233	-115.234375	-201.074219
2746.629974	1.528147	-115.234375	-201.074219
2746.631975	1.526154	16.787695	0.055948
2747.662889	0.567164	5.175781	188.769531
2747.664891	0.874398	5.175781	188.769531
2747.666890	1.166388	5.175781	188.769531
2747.668890	1.436716	5.175781	188.769531
2747.670891	1.530904	5.175781	188.769531
2747.672891	1.526841	16.795256	0.123686
2748.700907	0.313370	-113.867187	-203.320312
2748.702909	0.629331	-113.867187	-203.320312
2748.704908	0.933737	-113.867187	-203.320312
2748.706908	1.221758	-113.867187	-203.320312
2748.708909	1.476146	-113.867187	-203.320312
2748.710909	1.528636	-113.867187	-203.320312
2748.712907	1.524593	16.770521	0.054677
2749.743000	0.624198	-0.585937	190.527344
2749.744999	0.928934	-0.585937	190.527344
2749.746999	1.217151	-0.585937	190.527344
2749.750998	1.528678	-0.585937	190.527344
2749.753000	1.524673	-0.585937	190.527344
2749.754999	1.522485	16.747337	0.398032
2750.781596	0.585581	-114.746094	-205.175781
2750.783600	0.891988	-114.746094	-205.175781
2750.785600	1.182683	-114.746094	-205.175781
2750.787600	1.449208	-114.746094	-205.175781
2750.791599	1.524942	-114.746094	-205.175781
2750.793598	1.522723	16.749950	0.051401
2751.822181	0.735234	-6.835937	192.480469
2751.824182	1.035120	-6.835937	192.480469
2751.826183	1.316100	-6.835937	192.480469
2751.828184	1.518696	-6.835937	192.480469
2751.830182	1.527120	-6.835937	192.480469
2751.832185	1.523791	16.761702	0.046735
2752.862237	0.764566	-113.574219	-206.738281
2752.864240	1.063201	-113.574219	-206.738281
2752.866240	1.342244	-113.574219	-206.738281
2752.868240	1.525017	-113.574219	-206.738281
2752.870241	1.527094	-113.574219	-206.738281
2752.872240	1.523906	16.762960	0.052048
2753.898816	0.569978	-0.195312	193.652344
2753.900816	0.877079	-0.195312	193.652344
2753.902818	1.168753	-0.195312	193.652344
2753.904817	1.438577	-0.195312	193.652344
2753.906819	1.530401	-0.195312	193.652344
2753.908818	1.526173	16.787899	0.130158
2754.941414	0.752501	-112.011719	-208.105469
2754.943418	1.051682	-112.011719	-208.105469
2754.945417	1.331529	-112.011719	-208.105469
2754.947417	1.522546	-112.011719	-208.105469
2754.949417	1.526896	-112.011719	-208.105469
2754.951417	1.523678	16.760462	0.050147
2755.979441	0.746556	8.300781	194.335937
2755.981444	1.045982	8.300781	194.335937
2755.983443	1.326190	8.300781	194.335937
2755.985443	1.521465	8.300781	194.335937
2755.987443	1.527122	8.300781	194.335937
2755.989445	1.523893	16.762829	0.045913
2757.019420	0.484168	-112.890625	-208.984375
2757.021421	0.792967	-112.890625	-208.984375
2757.023420	1.090381	-112.890625	-208.984375
2757.027418	1.527997	-112.890625	-208.984375
2757.029418	1.526206	-112.890625	-208.984375
2757.031421	1.523420	16.757618	0.051750
2758.055963	0.524404	5.566406	195.214844
2758.057963	0.832497	5.566406	195.214844
2758.059963	1.127417	5.566406	195.214844
2758.061963	1.402629	5.566406	195.214844
2758.063962	1.530490	5.566406	195.214844
2758.065964	1.530456	16.835020	0.050602
2759.098585	0.673251	-114.453125	-211.230469
2759.100584	0.975810	-114.453125	-211.230469
2759.102585	1.260853	-114.453125	-211.230469
2759.104587	1.497639	-114.453125	-211.230469
2759.106586	1.527732	-114.453125	-211.230469
2759.108584	1.524121	16.765335	0.050733
2760.133508	0.755653	4.980469	195.312500
2760.135509	0.887137	4.980469	195.312500
2760.137508	1.178169	4.980469	195.312500
2760.139508	1.445875	4.980469	195.312500
2760.141510	1.529851	4.980469	195.312500
2760.143509	1.525539	16.780924	0.052328
2761.176014	0.265765	-112.597656	-212.011719
2761.178014	0.584318	-112.597656	-212.011719
2761.180014	0.890800	-112.597656	-212.011719
2761.182016	1.181674	-112.597656	-212.011719
2761.184014	1.448612	-112.597656	-212.011719
2761.188012	1.525588	-112.597656	-212.011719
2761.190014	1.523125	16.754374	0.056729
2762.210092	0.407035	17.382812	195.117187
2762.212095	0.718486	17.382812	195.117187
2762.214094	1.019142	17.382812	195.117187
2762.216096	1.301295	17.382812	195.117187
2762.218096	1.514079	17.382812	195.117187
2762.220094	1.527018	17.382812	195.117187
2762.222093	1.523773	16.761499	0.051362
2763.256103	2.296216	-114.453125	-212.695312
2763.258104	0.677797	-114.453125	-212.695312
2763.260105	0.980293	-114.453125	-212.695312
2763.262105	1.265013	-114.453125	-212.695312
2763.264106	1.499527	-114.453125	-212.695312
2763.266103	1.527373	-114.453125	-212.695312
2763.268104	1.523865	16.762518	0.053245
2764.292150	0.566586	11.718750	195.019531
2764.294152	0.873876	11.718750	195.019531
2764.296152	1.165932	11.718750	195.019531
2764.298154	1.436231	11.718750	195.019531
2764.300155	1.530289	11.718750	195.019531
2764.302159	1.525985	16.785833	0.121423
2765.334231	0.551103	-113.085937	-212.207031
2765.336234	0.858508	-113.085937	-212.207031
2765.338233	1.151606	-113.085937	-212.207031
2765.340234	1.424288	-113.085937	-212.207031
2765.342233	1.530423	-113.085937	-212.207031
2765.344232	1.526303	16.789335	0.047181
2766.370799	0.557802	3.515625	195.996094
2766.372802	0.865173	3.515625	195.996094
2766.374800	1.157758	3.515625	195.996094
2766.376801	1.429456	3.515625	195.996094
2766.378801	1.530232	3.515625	195.996094
2766.380803	1.525874	16.784620	0.056082
