crossing time (s)	slope (V/s)	crossing number
281474976710655.000000	2.839861	5817	0.000000
281474976710655.000000	2.891308	5818	0.000000
281474976710655.000000	2.835385	5819	0.000000
281474976710655.000000	2.892744	5820	0.000000
281474976710655.000000	2.866080	5821	0.000000
281474976710655.000000	2.831658	5822	0.000000
281474976710655.000000	2.815412	5823	0.000000
281474976710655.000000	2.867832	5824	0.000000
281474976710655.000000	2.875394	5825	0.000000
281474976710655.000000	2.815942	5826	0.000000
281474976710655.000000	2.850657	5827	0.000000
281474976710655.000000	2.863794	5828	0.000000
281474976710655.000000	2.803494	5829	0.000000
281474976710655.000000	2.819220	5830	0.000000
281474976710655.000000	2.831414	5831	0.000000
281474976710655.000000	2.828522	5832	0.000000
281474976710655.000000	2.864492	5833	0.000000
281474976710655.000000	2.857282	5834	0.000000
281474976710655.000000	2.825294	5835	0.000000
281474976710655.000000	2.858941	5836	0.000000
281474976710655.000000	2.809334	5837	0.000000
281474976710655.000000	2.852484	5838	0.000000
281474976710655.000000	2.783700	5839	0.000000
281474976710655.000000	2.782718	5840	0.000000
281474976710655.000000	2.789934	5841	0.000000
281474976710655.000000	2.823603	5842	0.000000
281474976710655.000000	2.791216	5843	0.000000
281474976710655.000000	2.794969	5844	0.000000
281474976710655.000000	2.754191	5845	0.000000
281474976710655.000000	2.795221	5846	0.000000
281474976710655.000000	2.750740	5847	0.000000
281474976710655.000000	2.802908	5848	0.000000
281474976710655.000000	2.759525	5849	0.000000
281474976710655.000000	2.782081	5850	0.000000
281474976710655.000000	2.774517	5851	0.000000
281474976710655.000000	2.766043	5852	0.000000
281474976710655.000000	2.744986	5853	0.000000
281474976710655.000000	2.755083	5854	0.000000
281474976710655.000000	2.714370	5855	0.000000
281474976710655.000000	2.742095	5856	0.000000
281474976710655.000000	2.709857	5857	0.000000
281474976710655.000000	2.726441	5858	0.000000
281474976710655.000000	2.711697	5859	0.000000
281474976710655.000000	2.722771	5860	0.000000
281474976710655.000000	2.698428	5861	0.000000
281474976710655.000000	2.735345	5862	0.000000
281474976710655.000000	2.723099	5863	0.000000
281474976710655.000000	2.749046	5864	0.000000
281474976710655.000000	2.743281	5865	0.000000
281474976710655.000000	2.726153	5866	0.000000
281474976710655.000000	2.723912	5867	0.000000
281474976710655.000000	2.727921	5868	0.000000
281474976710655.000000	2.733173	5869	0.000000
281474976710655.000000	2.733786	5870	0.000000
281474976710655.000000	2.704750	5871	0.000000
281474976710655.000000	2.727846	5872	0.000000
281474976710655.000000	2.714637	5873	0.000000
281474976710655.000000	2.716082	5874	0.000000
281474976710655.000000	2.679048	5875	0.000000
281474976710655.000000	2.711450	5876	0.000000
281474976710655.000000	2.695911	5877	0.000000
281474976710655.000000	2.702548	5878	0.000000
281474976710655.000000	2.665787	5879	0.000000
281474976710655.000000	2.691549	5880	0.000000
281474976710655.000000	2.676873	5881	0.000000
281474976710655.000000	2.692257	5882	0.000000
281474976710655.000000	2.657547	5883	0.000000
281474976710655.000000	2.676876	5884	0.000000
281474976710655.000000	2.667478	5885	0.000000
281474976710655.000000	2.695073	5886	0.000000
281474976710655.000000	2.647409	5887	0.000000
281474976710655.000000	2.684886	5888	0.000000
281474976710655.000000	2.664426	5889	0.000000
281474976710655.000000	2.679658	5890	0.000000
281474976710655.000000	2.633594	5891	0.000000
281474976710655.000000	2.674778	5892	0.000000
281474976710655.000000	2.624213	5893	0.000000
281474976710655.000000	2.651593	5894	0.000000
281474976710655.000000	2.608794	5895	0.000000
281474976710655.000000	2.636723	5896	0.000000
281474976710655.000000	2.590282	5897	0.000000
281474976710655.000000	2.624413	5898	0.000000
281474976710655.000000	2.590377	5899	0.000000
281474976710655.000000	2.596042	5900	0.000000
281474976710655.000000	2.568002	5901	0.000000
281474976710655.000000	2.608088	5902	0.000000
281474976710655.000000	2.581783	5903	0.000000
281474976710655.000000	2.600649	5904	0.000000
281474976710655.000000	2.577831	5905	0.000000
281474976710655.000000	2.600473	5906	0.000000
281474976710655.000000	2.589782	5907	0.000000
281474976710655.000000	2.592406	5908	0.000000
281474976710655.000000	2.582741	5909	0.000000
281474976710655.000000	2.590259	5910	0.000000
281474976710655.000000	2.578351	5911	0.000000
281474976710655.000000	2.591771	5912	0.000000
281474976710655.000000	2.577328	5913	0.000000
281474976710655.000000	2.592549	5914	0.000000
281474976710655.000000	2.560587	5915	0.000000
281474976710655.000000	2.582151	5916	0.000000
281474976710655.000000	2.552860	5917	0.000000
281474976710655.000000	2.582317	5918	0.000000
281474976710655.000000	2.551208	5919	0.000000
281474976710655.000000	2.572854	5920	0.000000
281474976710655.000000	2.548669	5921	0.000000
281474976710655.000000	2.573324	5922	0.000000
281474976710655.000000	2.532864	5923	0.000000
281474976710655.000000	2.566015	5924	0.000000
281474976710655.000000	2.522937	5925	0.000000
281474976710655.000000	2.562375	5926	0.000000
281474976710655.000000	2.517958	5927	0.000000
281474976710655.000000	2.555319	5928	0.000000
281474976710655.000000	2.509285	5929	0.000000
281474976710655.000000	2.534937	5930	0.000000
281474976710655.000000	2.491417	5931	0.000000
281474976710655.000000	2.519124	5932	0.000000
281474976710655.000000	2.478794	5933	0.000000
281474976710655.000000	2.518774	5934	0.000000
281474976710655.000000	2.473749	5935	0.000000
281474976710655.000000	2.497855	5936	0.000000
281474976710655.000000	2.455976	5937	0.000000
281474976710655.000000	2.504697	5938	0.000000
281474976710655.000000	2.460389	5939	0.000000
281474976710655.000000	2.471120	5940	0.000000
281474976710655.000000	2.462364	5941	0.000000
281474976710655.000000	2.495936	5942	0.000000
281474976710655.000000	2.468339	5943	0.000000
281474976710655.000000	2.480359	5944	0.000000
281474976710655.000000	2.475327	5945	0.000000
281474976710655.000000	2.503283	5946	0.000000
281474976710655.000000	2.476401	5947	0.000000
281474976710655.000000	2.483880	5948	0.000000
281474976710655.000000	2.480178	5949	0.000000
281474976710655.000000	2.478966	5950	0.000000
281474976710655.000000	2.473458	5951	0.000000
281474976710655.000000	2.492140	5952	0.000000
281474976710655.000000	2.460636	5953	0.000000
281474976710655.000000	2.485798	5954	0.000000
281474976710655.000000	2.456081	5955	0.000000
281474976710655.000000	2.478631	5956	0.000000
281474976710655.000000	2.448052	5957	0.000000
281474976710655.000000	2.460640	5958	0.000000
281474976710655.000000	2.446308	5959	0.000000
281474976710655.000000	2.464472	5960	0.000000
281474976710655.000000	2.432360	5961	0.000000
281474976710655.000000	2.461064	5962	0.000000
281474976710655.000000	2.428068	5963	0.000000
281474976710655.000000	2.464906	5964	0.000000
281474976710655.000000	2.421172	5965	0.000000
281474976710655.000000	2.452514	5966	0.000000
281474976710655.000000	2.414012	5967	0.000000
281474976710655.000000	2.444925	5968	0.000000
281474976710655.000000	2.405687	5969	0.000000
281474976710655.000000	2.434411	5970	0.000000
281474976710655.000000	2.392004	5971	0.000000
281474976710655.000000	2.427470	5972	0.000000
281474976710655.000000	2.367312	5973	0.000000
281474976710655.000000	2.403890	5974	0.000000
281474976710655.000000	2.358251	5975	0.000000
281474976710655.000000	2.394720	5976	0.000000
281474976710655.000000	2.345129	5977	0.000000
281474976710655.000000	2.385853	5978	0.000000
281474976710655.000000	2.329416	5979	0.000000
281474976710655.000000	2.357840	5980	0.000000
281474976710655.000000	2.333085	5981	0.000000
281474976710655.000000	2.363034	5982	0.000000
281474976710655.000000	2.332864	5983	0.000000
281474976710655.000000	2.355113	5984	0.000000
281474976710655.000000	2.335690	5985	0.000000
281474976710655.000000	2.353319	5986	0.000000
281474976710655.000000	2.332240	5987	0.000000
281474976710655.000000	2.369051	5988	0.000000
281474976710655.000000	2.336823	5989	0.000000
281474976710655.000000	2.364518	5990	0.000000
281474976710655.000000	2.327233	5991	0.000000
281474976710655.000000	2.356365	5992	0.000000
281474976710655.000000	2.332118	5993	0.000000
281474976710655.000000	2.356992	5994	0.000000
281474976710655.000000	2.327836	5995	0.000000
281474976710655.000000	2.358114	5996	0.000000
281474976710655.000000	2.322367	5997	0.000000
281474976710655.000000	2.354474	5998	0.000000
281474976710655.000000	2.315076	5999	0.000000
281474976710655.000000	2.343849	6000	0.000000
281474976710655.000000	2.308869	6001	0.000000
281474976710655.000000	2.333143	6002	0.000000
281474976710655.000000	2.299715	6003	0.000000
281474976710655.000000	2.333752	6004	0.000000
281474976710655.000000	2.286796	6005	0.000000
281474976710655.000000	2.327416	6006	0.000000
281474976710655.000000	2.279969	6007	0.000000
281474976710655.000000	2.309234	6008	0.000000
281474976710655.000000	2.268583	6009	0.000000
281474976710655.000000	2.315631	6010	0.000000
281474976710655.000000	2.260670	6011	0.000000
281474976710655.000000	2.302198	6012	0.000000
281474976710655.000000	2.244414	6013	0.000000
281474976710655.000000	2.285031	6014	0.000000
281474976710655.000000	2.233993	6015	0.000000
281474976710655.000000	2.270196	6016	0.000000
281474976710655.000000	2.230243	6017	0.000000
281474976710655.000000	2.276119	6018	0.000000
281474976710655.000000	2.235582	6019	0.000000
281474976710655.000000	2.256677	6020	0.000000
281474976710655.000000	2.233311	6021	0.000000
281474976710655.000000	2.261344	6022	0.000000
281474976710655.000000	2.234223	6023	0.000000
281474976710655.000000	2.269062	6024	0.000000
281474976710655.000000	2.232122	6025	0.000000
281474976710655.000000	2.273314	6026	0.000000
281474976710655.000000	2.240589	6027	0.000000
281474976710655.000000	2.276493	6028	0.000000
281474976710655.000000	2.231161	6029	0.000000
281474976710655.000000	2.273292	6030	0.000000
281474976710655.000000	2.238574	6031	0.000000
281474976710655.000000	2.269234	6032	0.000000
281474976710655.000000	2.230681	6033	0.000000
281474976710655.000000	2.266130	6034	0.000000
281474976710655.000000	2.233691	6035	0.000000
281474976710655.000000	2.265606	6036	0.000000
281474976710655.000000	2.228216	6037	0.000000
281474976710655.000000	2.255558	6038	0.000000
281474976710655.000000	2.222471	6039	0.000000
281474976710655.000000	2.257934	6040	0.000000
281474976710655.000000	2.216401	6041	0.000000
281474976710655.000000	2.251070	6042	0.000000
281474976710655.000000	2.208853	6043	0.000000
281474976710655.000000	2.238894	6044	0.000000
281474976710655.000000	2.200811	6045	0.000000
281474976710655.000000	2.236426	6046	0.000000
281474976710655.000000	2.187298	6047	0.000000
281474976710655.000000	2.237576	6048	0.000000
281474976710655.000000	2.175739	6049	0.000000
281474976710655.000000	2.220090	6050	0.000000
281474976710655.000000	2.162644	6051	0.000000
281474976710655.000000	2.201219	6052	0.000000
281474976710655.000000	2.150478	6053	0.000000
281474976710655.000000	2.189796	6054	0.000000
281474976710655.000000	2.128415	6055	0.000000
281474976710655.000000	2.189778	6056	0.000000
281474976710655.000000	2.129255	6057	0.000000
281474976710655.000000	2.169307	6058	0.000000
281474976710655.000000	2.122334	6059	0.000000
281474976710655.000000	2.161479	6060	0.000000
281474976710655.000000	2.111491	6061	0.000000
281474976710655.000000	2.158546	6062	0.000000
281474976710655.000000	2.099455	6063	0.000000
281474976710655.000000	2.144684	6064	0.000000
281474976710655.000000	2.109594	6065	0.000000
281474976710655.000000	2.154698	6066	0.000000
281474976710655.000000	2.112226	6067	0.000000
281474976710655.000000	2.146847	6068	0.000000
281474976710655.000000	2.102947	6069	0.000000
281474976710655.000000	2.142883	6070	0.000000
281474976710655.000000	2.103647	6071	0.000000
281474976710655.000000	2.141561	6072	0.000000
281474976710655.000000	2.099049	6073	0.000000
281474976710655.000000	2.147420	6074	0.000000
281474976710655.000000	2.098699	6075	0.000000
281474976710655.000000	2.136277	6076	0.000000
281474976710655.000000	2.093722	6077	0.000000
281474976710655.000000	2.140299	6078	0.000000
281474976710655.000000	2.084787	6079	0.000000
281474976710655.000000	2.128967	6080	0.000000
281474976710655.000000	2.070081	6081	0.000000
281474976710655.000000	2.126911	6082	0.000000
281474976710655.000000	2.069543	6083	0.000000
281474976710655.000000	2.114216	6084	0.000000
281474976710655.000000	2.061744	6085	0.000000
281474976710655.000000	2.106735	6086	0.000000
281474976710655.000000	2.082680	6087	0.000000
281474976710655.000000	2.111534	6088	0.000000
281474976710655.000000	2.061095	6089	0.000000
281474976710655.000000	2.118707	6090	0.000000
281474976710655.000000	2.056401	6091	0.000000
281474976710655.000000	2.107991	6092	0.000000
281474976710655.000000	2.055289	6093	0.000000
281474976710655.000000	2.083744	6094	0.000000
281474976710655.000000	2.028612	6095	0.000000
281474976710655.000000	2.088853	6096	0.000000
281474976710655.000000	2.011043	6097	0.000000
281474976710655.000000	2.078690	6098	0.000000
281474976710655.000000	2.017425	6099	0.000000
281474976710655.000000	2.084151	6100	0.000000
281474976710655.000000	2.003725	6101	0.000000
281474976710655.000000	2.066911	6102	0.000000
281474976710655.000000	1.992248	6103	0.000000
281474976710655.000000	2.034584	6104	0.000000
281474976710655.000000	2.016942	6105	0.000000
281474976710655.000000	2.064470	6106	0.000000
281474976710655.000000	2.052567	6107	0.000000
281474976710655.000000	2.047383	6108	0.000000
281474976710655.000000	2.035900	6109	0.000000
281474976710655.000000	2.061664	6110	0.000000
281474976710655.000000	1.990016	6111	0.000000
281474976710655.000000	2.057371	6112	0.000000
281474976710655.000000	2.013670	6113	0.000000
281474976710655.000000	2.079043	6114	0.000000
281474976710655.000000	2.005267	6115	0.000000
281474976710655.000000	2.059388	6116	0.000000
