time (s)	coil I (A)	last det (V)	int current (uC)
5731.933322	0.502220	-185.937500	-157.226562
5731.935324	0.781231	-185.937500	-157.226562
5731.937323	0.827991	-185.937500	-157.226562
5731.939323	0.825794	9.083729	0.130820
5732.905376	0.545932	-327.929687	164.843750
5732.907377	0.802069	-327.929687	164.843750
5732.909379	0.827716	-327.929687	164.843750
5732.911377	0.825548	9.081027	0.142514
5734.011423	0.485480	-182.812500	-159.277344
5734.013425	0.771349	-182.812500	-159.277344
5734.015425	0.827954	-182.812500	-159.277344
5734.017425	0.825644	9.082081	0.108679
5734.989467	0.257674	-325.585937	165.039062
5734.991467	0.578727	-325.585937	165.039062
5734.993470	0.813465	-325.585937	165.039062
5734.995469	0.827297	-325.585937	165.039062
5734.997469	0.825206	9.077269	0.144359
5736.092063	0.703936	-179.882812	-162.988281
5736.094066	0.828775	-179.882812	-162.988281
5736.096065	0.826519	9.091715	0.132138
5737.070545	0.308414	-300.683594	165.820312
5737.072545	0.626722	-300.683594	165.820312
5737.074550	0.825359	-300.683594	165.820312
5737.076549	0.828265	-300.683594	165.820312
5737.078549	0.826528	9.091811	0.151236
5738.170532	0.506760	-182.226562	-165.136719
5738.172534	0.783469	-182.226562	-165.136719
5738.174535	0.827908	-182.226562	-165.136719
5738.178533	0.824022	9.064241	0.121666
5739.148473	0.426888	-296.679687	167.871094
5739.150475	0.731644	-296.679687	167.871094
5739.152477	0.829272	-296.679687	167.871094
5739.154473	0.826678	9.093460	0.146773
5740.248573	0.479722	-181.445312	-169.140625
5740.250573	0.768057	-181.445312	-169.140625
5740.254571	0.825907	-181.445312	-169.140625
5740.256573	0.824310	9.067414	0.128293
5741.230605	0.717757	-299.023437	172.753906
5741.232608	0.828856	-299.023437	172.753906
5741.234607	0.826353	9.089880	0.141498
5742.335179	0.512649	-178.808594	-174.316406
5742.339179	0.828269	-178.808594	-174.316406
5742.341181	0.826098	-178.808594	-174.316406
5742.343182	0.824470	9.069168	0.117261
5743.307224	0.710569	-273.437500	175.488281
5743.309226	0.829052	-273.437500	175.488281
5743.311224	0.826643	9.093070	0.128822
5744.423233	0.753799	-178.906250	-173.828125
5744.425239	0.828270	-178.906250	-173.828125
5744.427245	0.825783	9.083613	0.107302
5745.381858	0.476456	-253.515625	175.488281
5745.383860	0.766117	-253.515625	175.488281
5745.385859	0.828683	-253.515625	175.488281
5745.387860	0.826273	9.089003	0.131326
5746.507969	0.431429	-177.343750	-170.898437
5746.509970	0.735069	-177.343750	-170.898437
5746.511971	0.829064	-177.343750	-170.898437
5746.513970	0.826412	9.090535	0.118446
5747.455926	0.303736	-268.164062	172.460937
5747.457929	0.622034	-268.164062	172.460937
5747.459930	0.823747	-268.164062	172.460937
5747.463928	0.825832	-268.164062	172.460937
5747.465930	0.824442	9.068867	0.135350
5748.589984	0.805449	-180.859375	-165.136719
5748.591987	0.827964	-180.859375	-165.136719
5748.593987	0.825929	9.085218	0.116802
5749.538070	0.749874	-258.007812	167.187500
5749.540071	0.828283	-258.007812	167.187500
5749.542072	0.825711	9.082816	0.130228
5750.666152	0.545653	-181.347656	-161.621094
5750.668153	0.801730	-181.347656	-161.621094
5750.670153	0.827502	-181.347656	-161.621094
5750.672153	0.825425	9.079670	0.120365
5751.618199	0.340130	-270.507812	163.574219
5751.620200	0.656704	-270.507812	163.574219
5751.622204	0.827693	-270.507812	163.574219
5751.624205	0.827290	9.100186	0.126973
5752.742339	0.471675	-183.105469	-160.937500
5752.744342	0.763042	-183.105469	-160.937500
5752.746344	0.828233	-183.105469	-160.937500
5752.748345	0.825686	9.082550	0.118021
5753.704399	0.710602	-270.996094	161.523437
5753.706401	0.828451	-270.996094	161.523437
5753.708400	0.825993	9.085918	0.124503
5754.816466	0.630379	-177.636719	-163.378906
5754.818468	0.824928	-177.636719	-163.378906
5754.820470	0.826963	-177.636719	-163.378906
5754.822472	0.825077	9.075850	0.115196
5755.790507	0.588191	-283.886719	161.816406
5755.792511	0.816000	-283.886719	161.816406
5755.794509	0.827149	-283.886719	161.816406
5755.796511	0.824986	9.074849	0.274022
5756.895161	0.766929	-172.656250	-166.992187
5756.897163	0.828236	-172.656250	-166.992187
5756.899165	0.825845	9.084296	0.119129
5757.871208	0.415340	-289.648437	162.207031
5757.873209	0.722637	-289.648437	162.207031
5757.875209	0.829347	-289.648437	162.207031
5757.879207	0.825219	9.077411	0.133442
5758.971761	0.696974	-167.871094	-172.265625
5758.973763	0.828993	-167.871094	-172.265625
5758.975761	0.826835	9.095188	0.796608
5759.953772	0.456045	-253.125000	163.769531
5759.955773	0.752663	-253.125000	163.769531
5759.957773	0.829011	-253.125000	163.769531
5759.959772	0.826528	9.091811	0.128078
5761.047857	0.608703	-169.726562	-174.511719
5761.049859	0.820549	-169.726562	-174.511719
5761.051859	0.821599	-169.726562	-174.511719
5761.053860	0.824741	9.072155	0.376978
5762.031980	0.618549	-277.929687	165.820312
5762.033982	0.822038	-277.929687	165.820312
5762.035984	0.826328	-277.929687	165.820312
5762.037984	0.824261	9.066874	0.129853
5763.130606	0.517677	-166.992187	-179.199219
5763.132606	0.789204	-166.992187	-179.199219
5763.136604	0.825751	-166.992187	-179.199219
5763.138605	0.824264	9.066909	0.115602
5764.112664	0.750239	-257.226562	167.968750
5764.114667	0.828329	-257.226562	167.968750
5764.116664	0.825854	9.084394	0.120891
5765.211274	0.785649	-164.746094	-181.347656
5765.213275	0.827916	-164.746094	-181.347656
5765.215277	0.825748	9.083224	0.114703
5766.189690	0.500092	-263.378906	169.140625
5766.191690	0.779495	-263.378906	169.140625
5766.193690	0.827415	-263.378906	169.140625
5766.195691	0.824991	9.074903	0.118543
5767.289739	0.297281	-165.136719	-183.105469
5767.293739	0.824205	-165.136719	-183.105469
5767.297738	0.827539	-165.136719	-183.105469
5767.299740	0.826398	9.090376	0.115303
5768.265749	0.320678	-237.109375	169.042969
5768.269750	0.824834	-237.109375	169.042969
5768.271752	0.826271	-237.109375	169.042969
5768.273752	0.824168	9.065845	0.122083
5769.367799	0.600591	-167.285156	-181.640625
5769.369800	0.818858	-167.285156	-181.640625
5769.371800	0.826824	-167.285156	-181.640625
5769.373801	0.824818	9.072997	0.119984
5770.348296	0.360144	-231.835937	169.042969
5770.350298	0.675067	-231.835937	169.042969
5770.352297	0.828432	-231.835937	169.042969
5770.354298	0.827021	9.097226	0.121148
5771.446366	0.247865	-166.503906	-181.738281
5771.448368	0.569446	-166.503906	-181.738281
5771.452365	0.827363	-166.503906	-181.738281
5771.454369	0.825138	-166.503906	-181.738281
5771.456370	0.823825	9.062078	0.116663
5772.426934	0.429341	-219.628906	167.089844
5772.428935	0.733307	-219.628906	167.089844
5772.432934	0.826214	-219.628906	167.089844
5772.434934	0.824558	9.070134	0.119523
5773.526909	0.760031	-166.406250	-179.882812
5773.528911	0.827808	-166.406250	-179.882812
5773.530910	0.825204	9.077242	0.115800
5774.513851	0.826967	-237.890625	165.625000
5774.515853	0.824662	-237.890625	165.625000
5774.517852	0.823063	9.053695	0.116522
5775.601942	0.363140	-162.792969	-179.785156
5775.603943	0.677804	-162.792969	-179.785156
5775.605944	0.828283	-162.792969	-179.785156
5775.607942	0.826818	9.094994	0.113489
5776.587983	0.514395	-235.058594	163.574219
5776.589987	0.787269	-235.058594	163.574219
5776.591985	0.827335	-235.058594	163.574219
5776.593987	0.827241	9.099655	0.114369
5777.684011	0.647310	-164.355469	-176.074219
5777.688011	0.826420	-164.355469	-176.074219
5777.690012	0.824471	9.069186	0.112870
5778.668576	0.485499	-235.839844	161.621094
5778.670577	0.771361	-235.839844	161.621094
5778.672577	0.827964	-235.839844	161.621094
5778.674577	0.825468	9.080149	0.114288
5779.764673	0.806242	-162.304687	-174.414062
5779.766678	0.827242	-162.304687	-174.414062
5779.768676	0.825110	9.076214	0.110328
5780.744705	0.314932	-219.433594	159.667969
5780.748709	0.825595	-219.433594	159.667969
5780.750711	0.827596	-219.433594	159.667969
5780.752710	0.825712	9.082834	0.111085
5781.846752	0.674680	-166.210937	-170.800781
5781.848753	0.827541	-166.210937	-170.800781
5781.850752	0.826217	9.088391	0.111810
5782.821370	0.558138	-216.894531	158.984375
5782.823372	0.806340	-216.894531	158.984375
5782.825372	0.827116	-216.894531	158.984375
5782.827373	0.824988	9.074867	0.118569
5783.927412	0.782187	-169.335937	-168.554687
5783.929414	0.827878	-169.335937	-168.554687
5783.931415	0.825649	9.082143	0.115013
5784.897412	0.423838	-229.394531	159.667969
5784.899414	0.828206	-229.394531	159.667969
5784.901414	0.826117	9.087292	0.110475
5786.010042	0.548858	-170.605469	-169.238281
5786.012044	0.802553	-170.605469	-169.238281
5786.016043	0.824401	-170.605469	-169.238281
5786.018045	0.822776	9.050531	0.113369
5786.969986	0.377988	-184.667969	161.035156
5786.971987	0.691104	-184.667969	161.035156
5786.973991	0.829162	-184.667969	161.035156
5786.975993	0.827141	9.098557	0.104556
5788.092020	0.497030	-168.945312	-171.484375
5788.094021	0.777945	-168.945312	-171.484375
5788.096020	0.827449	-168.945312	-171.484375
5788.098021	0.825149	9.076639	0.110979
5789.046601	0.286458	-175.097656	163.085937
5789.048609	0.605809	-175.097656	163.085937
5789.050611	0.819925	-175.097656	163.085937
5789.052613	0.826549	-175.097656	163.085937
5789.054611	0.824351	9.067865	0.101028
5790.172646	0.311610	-161.523437	-178.222656
5790.174675	0.629568	-161.523437	-178.222656
5790.176678	0.825871	-161.523437	-178.222656
5790.178677	0.828002	-161.523437	-178.222656
5790.180677	0.826189	9.088080	0.106017
5791.126659	0.420222	-202.050781	168.066406
5791.128660	0.726296	-202.050781	168.066406
5791.130658	0.829170	-202.050781	168.066406
5791.132661	0.826602	9.092627	0.104729
5792.249266	0.546835	-159.570312	-183.789062
5792.251270	0.802095	-159.570312	-183.789062
5792.253267	0.827270	-159.570312	-183.789062
5792.255269	0.825216	9.077375	0.113317
5793.213361	0.773838	-191.015625	170.410156
5793.215365	0.824988	-191.015625	170.410156
5793.217363	0.824912	9.074034	0.100249
5794.323977	0.318589	-160.449219	-186.621094
5794.325983	0.636205	-160.449219	-186.621094
5794.327984	0.824541	-160.449219	-186.621094
5794.329982	0.826088	9.086965	0.114786
5795.292943	0.523181	-192.285156	170.898437
5795.294944	0.791356	-192.285156	170.898437
5795.296943	0.827107	-192.285156	170.898437
5795.298945	0.824915	9.074070	0.100796
5796.399561	0.473253	-156.835937	-189.746094
5796.401563	0.763788	-156.835937	-189.746094
5796.403563	0.828012	-156.835937	-189.746094
5796.405562	0.825457	9.080025	0.111211
5797.375518	0.566264	-191.503906	169.433594
5797.379519	0.826845	-191.503906	169.433594
5797.381519	0.824582	-191.503906	169.433594
5797.383518	0.823091	9.054006	0.164211
5798.476047	0.443475	-154.199219	-189.941406
5798.478050	0.743588	-154.199219	-189.941406
5798.480048	0.828045	-154.199219	-189.941406
5798.482051	0.825462	9.080087	0.108197
5799.456023	0.685075	-212.988281	166.894531
5799.458025	0.828727	-212.988281	166.894531
5799.460025	0.826959	9.096553	0.102617
5800.551077	0.343195	-153.710937	-188.183594
5800.553081	0.659431	-153.710937	-188.183594
5800.555082	0.827439	-153.710937	-188.183594
5800.557081	0.826950	9.096456	0.110838
5801.537136	0.499987	-171.386719	162.988281
5801.541137	0.827465	-171.386719	162.988281
5801.543139	0.825110	-171.386719	162.988281
5801.545137	0.823463	9.058090	0.102291
5802.627144	0.244378	-154.101562	-185.449219
5802.629147	0.566175	-154.101562	-185.449219
5802.631144	0.808990	-154.101562	-185.449219
5802.633146	0.826803	-154.101562	-185.449219
5802.635145	0.824532	9.069851	0.109781
5803.615165	0.471583	-171.777344	161.230469
5803.617174	0.762982	-171.777344	161.230469
5803.619171	0.771380	-171.777344	161.230469
5803.621171	0.826480	9.091280	0.099998
5804.707219	0.625336	-155.371094	-183.300781
5804.709221	0.823687	-155.371094	-183.300781
5804.711222	0.826889	-155.371094	-183.300781
5804.713222	0.824944	9.074389	0.106668
5805.695333	0.457218	-178.515625	160.351562
5805.697336	0.753056	-178.515625	160.351562
5805.699335	0.827467	-178.515625	160.351562
5805.701335	0.824827	9.073094	0.096862
5806.787427	0.455854	-153.222656	-182.910156
5806.791427	0.827752	-153.222656	-182.910156
5806.793429	0.825122	-153.222656	-182.910156
5806.795429	0.825034	9.075373	0.104283
5807.771500	0.291352	-171.582031	159.472656
5807.773502	0.610273	-171.582031	159.472656
5807.775503	0.820819	-171.582031	159.472656
5807.777502	0.826767	-171.582031	159.472656
5807.779501	0.824825	9.073077	0.100877
5808.863568	0.285494	-153.320312	-182.617187
5808.865570	0.604740	-153.320312	-182.617187
5808.867570	0.819276	-153.320312	-182.617187
5808.869570	0.826273	-153.320312	-182.617187
5808.873569	0.822742	9.050159	0.105983
5809.851639	0.598262	-168.945312	159.082031
5809.853641	0.818307	-168.945312	159.082031
5809.857639	0.824807	-168.945312	159.082031
5809.859642	0.823241	9.055654	0.098551
5810.943680	0.738859	-151.269531	-184.375000
5810.945682	0.828195	-151.269531	-184.375000
5810.947681	0.825550	9.081053	0.106200
5811.931693	1.280249	-167.285156	159.765625
5811.933696	0.809815	-167.285156	159.765625
5811.935694	0.827477	-167.285156	159.765625
5811.937694	0.825365	9.079015	0.150921
5813.021683	0.478903	-152.734375	-183.886719
5813.023686	0.767032	-152.734375	-183.886719
5813.025686	0.827452	-152.734375	-183.886719
5813.027685	0.824882	9.073707	0.103457
5814.011759	0.801422	-153.417969	160.546875
5814.015759	0.824719	-153.417969	160.546875
5814.017761	0.823235	9.055583	0.097680
5815.099796	0.463642	-150.585937	-186.035156
5815.101798	0.757399	-150.585937	-186.035156
5815.103799	0.827795	-150.585937	-186.035156
5815.105798	0.825296	9.078253	0.103101
5816.085878	0.460617	-157.714844	162.207031
5816.087879	0.755316	-157.714844	162.207031
5816.089878	0.827631	-157.714844	162.207031
5816.091880	0.825062	9.075683	0.094495
5817.177971	0.378503	-150.488281	-188.671875
5817.179973	0.691572	-150.488281	-188.671875
5817.181975	0.829307	-150.488281	-188.671875
5817.183973	0.827222	9.099442	0.105582
5818.162046	0.295907	-150.488281	164.160156
5818.166045	0.822407	-150.488281	164.160156
5818.168047	0.827454	-150.488281	164.160156
5818.170047	0.825586	9.081451	0.094665
5819.258080	0.354966	-151.171875	-191.699219
5819.260080	0.670269	-151.171875	-191.699219
5819.262082	0.828118	-151.171875	-191.699219
5819.264082	0.827028	9.097306	0.103664
5820.240135	0.360814	-173.046875	166.894531
5820.242137	0.675693	-173.046875	166.894531
5820.248135	0.825032	-173.046875	166.894531
5820.250139	0.823630	9.059935	0.093226
5821.338719	0.331590	-148.437500	-194.433594
5821.340721	0.648478	-148.437500	-194.433594
5821.342720	0.827104	-148.437500	-194.433594
5821.344721	0.827410	9.101507	0.100716
5822.318736	0.786621	-166.503906	168.554687
5822.320740	0.827617	-166.503906	168.554687
5822.322738	0.825407	9.079475	0.088326
5823.421814	0.458097	-150.097656	-194.531250
5823.423815	0.753617	-150.097656	-194.531250
5823.425815	0.827489	-150.097656	-194.531250
5823.427815	0.824898	9.073874	0.100520
5824.389779	0.422306	-140.429687	167.968750
5824.391782	0.727652	-140.429687	167.968750
5824.393783	0.827846	-140.429687	167.968750
5824.397782	0.823526	9.058791	0.089995
5825.503858	0.496759	-149.316406	-192.089844
5825.505858	0.777509	-149.316406	-192.089844
5825.507860	0.827249	-149.316406	-192.089844
5825.511855	0.823060	9.053659	0.098857
5826.467914	0.652495	-153.125000	166.796875
5826.469917	0.826114	-153.125000	166.796875
5826.471916	0.826068	9.086751	0.086844
5827.584483	0.556070	-149.511719	-188.281250
5827.586485	0.805115	-149.511719	-188.281250
5827.588486	0.826513	-149.511719	-188.281250
5827.590485	0.824230	9.066527	0.102045
5828.544471	0.633698	-149.804687	164.062500
5828.548469	0.826407	-149.804687	164.062500
5828.550470	0.824324	-149.804687	164.062500
5828.554472	0.822049	9.042538	0.472689
5829.662540	0.287654	-150.976562	-183.398437
5829.666541	0.819884	-150.976562	-183.398437
5829.668543	0.821175	-150.976562	-183.398437
5829.670542	0.824624	9.070862	0.103473
5830.624543	0.827432	-141.601562	160.644531
5830.626545	0.825417	-141.601562	160.644531
5830.628543	0.823365	9.057018	0.084244
5831.739179	0.281553	-156.640625	-177.832031
5831.743178	0.818804	-156.640625	-177.832031
5831.745180	0.826740	-156.640625	-177.832031
5831.747180	0.824688	9.071570	0.103062
5832.701192	0.599464	-112.597656	157.421875
5832.703195	0.818565	-112.597656	157.421875
5832.705195	0.826832	-112.597656	157.421875
5832.707194	0.824781	9.072590	0.303107
5833.815222	0.347319	-153.710937	-178.125000
5833.817223	0.663208	-153.710937	-178.125000
5833.819225	0.827730	-153.710937	-178.125000
5833.821224	0.827094	9.098033	0.098946
5834.783343	0.578077	-113.574219	155.664062
5834.785345	0.812529	-113.574219	155.664062
5834.787345	0.826399	-113.574219	155.664062
5834.789345	0.824184	9.066023	0.083453
5835.893394	0.827220	-149.511719	-179.101562
5835.895395	0.825892	-149.511719	-179.101562
5835.897395	0.824023	9.064250	0.098925
5836.865393	0.458793	-146.093750	155.566406
5836.867394	0.754135	-146.093750	155.566406
5836.869396	0.827529	-146.093750	155.566406
5836.871394	0.824881	9.073689	0.081931
5837.967447	0.656123	-149.902344	-179.003906
5837.969448	0.827009	-149.902344	-179.003906
5837.971447	0.826763	9.094391	0.096788
5838.945957	3.085968	-123.242187	154.882812
5838.949960	0.826124	-123.242187	154.882812
5838.951961	0.824153	9.065685	0.625750
5840.043999	0.768187	-147.851562	-181.054687
5840.046002	0.827804	-147.851562	-181.054687
5840.048008	0.825290	9.078190	0.094215
5841.026596	0.405128	-134.570312	155.273437
5841.028602	0.714185	-134.570312	155.273437
5841.030600	0.828966	-134.570312	155.273437
5841.032599	0.826499	9.091484	0.079864
5842.118624	0.474997	-146.191406	-183.203125
5842.120625	0.764690	-146.191406	-183.203125
5842.122626	0.827509	-146.191406	-183.203125
5842.124626	0.824957	9.074531	0.092155
5843.106682	0.759149	-128.613281	155.371094
5843.108686	0.763118	-128.613281	155.371094
5843.110684	0.824948	9.074432	0.083966
5844.194749	0.468864	-144.140625	-185.742187
5844.196750	0.760706	-144.140625	-185.742187
5844.198751	0.827216	-144.140625	-185.742187
5844.200752	0.824509	9.069603	0.094852
5845.184789	0.443761	-121.484375	155.957031
5845.186792	0.743472	-121.484375	155.957031
5845.188792	0.827402	-121.484375	155.957031
5845.190792	0.824745	9.072200	0.081963
5846.270867	0.298418	-142.773437	-187.988281
5846.272870	0.616842	-142.773437	-187.988281
5846.274870	0.822080	-142.773437	-187.988281
5846.276870	0.826667	-142.773437	-187.988281
5846.280867	0.823286	9.056149	0.098500
5847.268929	0.823967	-112.988281	155.957031
5847.270930	0.822562	9.048182	0.082052
5848.351023	0.526829	-141.308594	-189.746094
5848.353025	0.793021	-141.308594	-189.746094
5848.355026	0.826963	-141.308594	-189.746094
5848.357025	0.824664	9.071304	0.095793
5849.339500	0.497990	-126.757812	156.152344
5849.341503	0.778159	-126.757812	156.152344
5849.343503	0.826990	-126.757812	156.152344
5849.345504	0.824467	9.069133	0.082506
5850.429552	0.577514	-143.554687	-189.453125
5850.431553	0.812349	-143.554687	-189.453125
5850.433552	0.826373	-143.554687	-189.453125
5850.435554	0.824129	9.065419	0.208095
5851.421616	0.705396	-128.906250	155.566406
5851.423618	0.828250	-128.906250	155.566406
5851.425621	0.826019	9.086211	0.081143
5852.507601	0.768729	-142.382812	-189.550781
5852.509603	0.827668	-142.382812	-189.550781
5852.511604	0.825187	9.077056	0.091506
5853.497718	0.538416	-131.250000	155.078125
5853.499720	0.798132	-131.250000	155.078125
5853.501720	0.826627	-131.250000	155.078125
5853.503720	0.824404	9.068442	0.079185
5854.583771	0.554987	-142.578125	-188.769531
5854.585772	0.804948	-142.578125	-188.769531
5854.587773	0.826843	-142.578125	-188.769531
5854.589773	0.826752	9.094267	0.097887
5855.573745	0.437650	-134.472656	154.101562
5855.575746	0.739907	-134.472656	154.101562
5855.577745	0.830299	-134.472656	154.101562
5855.579745	0.827578	9.103359	0.079811
5856.663747	0.590002	-143.261719	-187.402344
5856.665749	0.816460	-143.261719	-187.402344
5856.667748	0.827188	-143.261719	-187.402344
5856.669749	0.825189	9.077083	0.251928
5857.655755	0.827346	-116.601562	152.832031
5857.657757	0.825304	9.078341	0.144667
5858.741821	0.488957	-143.164062	-185.351562
5858.743822	0.773251	-143.164062	-185.351562
5858.745821	0.827604	-143.164062	-185.351562
5858.747822	0.825247	9.077712	0.091378
5859.727799	0.548310	-113.476562	153.222656
5859.729801	0.802778	-113.476562	153.222656
5859.731801	0.827333	-113.476562	153.222656
5859.733801	0.825325	9.078571	0.077137
5860.819795	0.286251	-145.214844	-183.300781
5860.821796	0.605307	-145.214844	-183.300781
5860.823796	0.819665	-145.214844	-183.300781
5860.825797	0.826455	-145.214844	-183.300781
5860.827797	0.824444	9.068885	0.092236
5861.803779	0.521192	-91.113281	152.050781
5861.805780	0.790469	-91.113281	152.050781
5861.807780	0.827214	-91.113281	152.050781
5861.809780	0.824960	9.074556	0.077257
5862.901793	0.405304	-148.339844	-181.933594
5862.903794	0.714361	-148.339844	-181.933594
5862.905792	0.829032	-148.339844	-181.933594
5862.907794	0.826622	9.092839	0.092782
5863.878757	0.657712	-86.230469	152.148437
5863.880759	0.827002	-86.230469	152.148437
5863.882759	0.826661	9.093274	0.574306
5864.982823	0.447206	-146.093750	-182.421875
5864.984825	0.746262	-146.093750	-182.421875
5864.986824	0.828214	-146.093750	-182.421875
5864.988825	0.825761	9.083366	0.091392
5865.952867	0.574393	-90.820312	153.222656
5865.954865	0.811576	-90.820312	153.222656
5865.956866	0.826688	-90.820312	153.222656
5865.958865	0.824434	9.068778	0.172293
5867.064919	0.780441	-145.507812	-183.496094
5867.066921	0.827175	-145.507812	-183.496094
5867.068920	0.824655	9.071207	0.089857
5868.028895	0.476800	-75.000000	154.394531
5868.030897	0.765702	-75.000000	154.394531
5868.032897	0.827406	-75.000000	154.394531
5868.034898	0.824823	9.073050	0.071314
5869.142990	0.473357	-145.117187	-184.765625
5869.144992	0.763745	-145.117187	-184.765625
5869.146992	0.827617	-145.117187	-184.765625
5869.148992	0.825088	9.075966	0.088561
5870.107012	0.621345	-114.550781	157.128906
5870.109014	0.823145	-114.550781	157.128906
5870.113012	0.825251	-114.550781	157.128906
5870.115013	0.823771	9.061485	0.399479
5871.223070	0.795968	-146.386719	-187.597656
5871.225077	0.827411	-146.386719	-187.597656
5871.227078	0.825201	9.077215	0.089002
5872.183657	0.290323	-82.617187	158.886719
5872.185663	0.609296	-82.617187	158.886719
5872.187662	0.820771	-82.617187	158.886719
5872.189663	0.826798	-82.617187	158.886719
5872.191662	0.824745	9.072200	0.073318
5873.295639	0.361069	-142.675781	-192.773437
5873.297640	0.675778	-142.675781	-192.773437
5873.299640	0.827936	-142.675781	-192.773437
5873.301640	0.826523	9.091759	0.093189
5874.263692	0.336635	-84.375000	161.328125
5874.265691	0.652978	-84.375000	161.328125
5874.267692	0.825644	-84.375000	161.328125
5874.269691	0.825511	9.080619	0.069137
5875.373753	0.508409	-139.160156	-197.460937
5875.375756	0.518729	-139.160156	-197.460937
5875.377754	0.827228	-139.160156	-197.460937
5875.379755	0.824828	9.073112	0.091239
5876.343780	0.475789	-75.585937	162.402344
5876.345782	0.765080	-75.585937	162.402344
5876.347782	0.827340	-75.585937	162.402344
5876.349781	0.824832	9.073148	0.071692
5877.447804	0.250528	-142.675781	-199.121094
5877.449806	0.571683	-142.675781	-199.121094
5877.451806	0.810758	-142.675781	-199.121094
5877.453806	0.826851	-142.675781	-199.121094
5877.455805	0.824616	9.070773	0.093295
5878.427802	0.827031	-103.515625	163.183594
5878.429804	0.825731	-103.515625	163.183594
5878.431804	0.823849	9.062345	0.643440
5879.524759	0.541909	-136.425781	-201.953125
5879.526762	0.799684	-136.425781	-201.953125
5879.530760	0.824564	-136.425781	-201.953125
5879.532761	0.822973	9.052703	0.089646
5880.502755	0.555095	-113.281250	162.597656
5880.504757	0.804818	-113.281250	162.597656
5880.506756	0.826596	-113.281250	162.597656
5880.510756	0.822755	9.050301	0.076355
5881.601793	0.746594	-135.351562	-201.464844
5881.603795	0.828103	-135.351562	-201.464844
5881.605795	0.825640	9.082036	0.086670
5882.586269	0.585051	-62.988281	159.472656
5882.590270	0.826493	-62.988281	159.472656
5882.592271	0.824352	-62.988281	159.472656
5882.594270	0.822884	9.051727	0.220522
5883.676333	0.585606	-137.207031	-200.878906
5883.678335	0.815132	-137.207031	-200.878906
5883.680335	0.827042	-137.207031	-200.878906
5883.682337	0.824932	9.074246	0.230894
5884.666387	0.716336	-68.066406	158.496094
5884.668389	0.827937	-68.066406	158.496094
5884.670388	0.825487	9.080353	0.070987
5885.752510	0.509914	-136.914062	-200.195312
5885.754513	0.518869	-136.914062	-200.195312
5885.756513	0.826747	-136.914062	-200.195312
5885.758514	0.824184	9.066023	0.085954
5886.742578	0.407128	-85.156250	157.714844
5886.744580	0.715986	-85.156250	157.714844
5886.746579	0.830927	-85.156250	157.714844
5886.748581	0.828256	9.110822	0.070711
5887.830615	0.431274	-136.718750	-198.437500
5887.832615	0.827847	-136.718750	-198.437500
5887.834616	0.825268	9.077951	0.086508
5888.822707	0.804904	-73.535156	157.128906
5888.826710	0.824605	-73.535156	157.128906
5888.828712	0.822959	9.052551	0.070624
5889.906792	0.573596	-135.546875	-198.535156
5889.908793	0.811060	-135.546875	-198.535156
5889.910795	0.826478	-135.546875	-198.535156
5889.912793	0.824172	9.065889	0.175032
5890.896844	1.274550	-93.261719	157.324219
5890.898848	0.701764	-93.261719	157.324219
5890.900846	0.706684	-93.261719	157.324219
5890.902847	0.826681	9.093495	0.071520
5891.986942	0.639231	-134.082031	-199.121094
5891.988944	0.824963	-134.082031	-199.121094
5891.990945	0.826197	9.088169	0.084297
5892.977403	0.598103	-81.542969	157.617187
5892.979405	0.818157	-81.542969	157.617187
5892.981404	0.826765	-81.542969	157.617187
5892.983405	0.824702	9.071721	0.282828
5894.061474	0.299006	-134.375000	-199.023437
5894.063477	0.617421	-134.375000	-199.023437
5894.065476	0.822162	-134.375000	-199.023437
5894.067477	0.826755	-134.375000	-199.023437
5894.069477	0.824770	9.072465	0.086439
5895.053518	0.510370	-78.027344	158.398437
5895.055521	0.784838	-78.027344	158.398437
5895.057520	0.827093	-78.027344	158.398437
5895.059519	0.824662	9.071287	0.068490
5896.139518	0.357571	-134.667969	-200.292969
5896.141521	0.672570	-134.667969	-200.292969
5896.143521	0.827266	-134.667969	-200.292969
5896.145521	0.825986	9.085848	0.085694
5897.129588	0.334235	-73.632812	159.179687
5897.131591	0.650865	-73.632812	159.179687
5897.135589	0.826762	-73.632812	159.179687
5897.137592	0.824865	9.073511	0.068986
5898.219629	0.497278	-133.984375	-201.269531
5898.223631	0.827183	-133.984375	-201.269531
5898.225630	0.824844	-133.984375	-201.269531
5898.227630	0.823143	9.054572	0.084289
5899.205683	0.324808	-52.246094	159.765625
5899.207684	0.641838	-52.246094	159.765625
5899.209684	0.825366	-52.246094	159.765625
5899.211684	0.826582	9.092405	0.070607
5900.297762	0.322624	-134.472656	-202.050781
5900.299763	0.639775	-134.472656	-202.050781
5900.301764	0.825330	-134.472656	-202.050781
5900.303763	0.826594	9.092539	0.085737
5901.281728	0.304834	-48.339844	160.742187
5901.283729	0.622931	-48.339844	160.742187
5901.285730	0.822925	-48.339844	160.742187
5901.287730	0.826459	-48.339844	160.742187
5901.289728	0.824401	9.068407	0.067334
5902.377739	0.442237	-136.914062	-202.343750
5902.379740	0.742459	-136.914062	-202.343750
5902.381740	0.827488	-136.914062	-202.343750
5902.383741	0.824798	9.072775	0.083634
5903.358338	1.164435	-37.207031	160.644531
5903.360342	0.754760	-37.207031	160.644531
5903.362341	0.827979	-37.207031	160.644531
5903.364340	0.825591	9.081496	0.065598
5904.458435	2.612064	-137.011719	-201.464844
5904.460436	0.734214	-137.011719	-201.464844
5904.462436	0.828547	-137.011719	-201.464844
5904.464438	0.825976	9.085741	0.082876
5905.435029	0.762084	-73.242187	161.328125
5905.437031	0.827857	-73.242187	161.328125
5905.439032	0.825366	9.079023	0.063505
5906.539577	0.777650	-135.742187	-199.218750
5906.541584	0.827051	-135.742187	-199.218750
5906.543586	0.824535	9.069886	0.083998
5907.509600	0.534872	-60.546875	159.570312
5907.511600	0.796552	-60.546875	159.570312
5907.513601	0.826723	-60.546875	159.570312
5907.515600	0.824278	9.067060	0.062881
5908.618150	0.300833	-135.742187	-196.484375
5908.620149	0.377947	-135.742187	-196.484375
5908.622151	0.822787	-135.742187	-196.484375
5908.624148	0.827141	-135.742187	-196.484375
5908.626150	0.825187	9.077056	0.082990
5909.588173	0.789420	-15.136719	155.761719
5909.590175	0.826630	-15.136719	155.761719
5909.592175	0.824263	9.066891	0.060889
5910.696653	0.672348	-136.328125	-192.675781
5910.698655	0.827527	-136.328125	-192.675781
5910.700655	0.826265	9.088914	0.084466
5911.664649	0.809394	-42.285156	154.101562
5911.666651	0.826567	-42.285156	154.101562
5911.668650	0.824351	9.067857	0.134894
5912.772641	0.486165	-139.648437	-188.964844
5912.774641	0.771569	-139.648437	-188.964844
5912.776641	0.827535	-139.648437	-188.964844
5912.778641	0.825004	9.075045	0.083899
5913.740716	0.764140	-36.425781	151.953125
5913.744717	0.824391	-36.425781	151.953125
5913.746719	0.822664	9.049308	0.063664
5914.848689	0.467677	-140.136719	-186.816406
5914.850690	0.760057	-140.136719	-186.816406
5914.852689	0.827518	-140.136719	-186.816406
5914.854689	0.824938	9.074317	0.083343
5915.820723	0.588057	-42.773437	150.781250
5915.826723	0.824107	-42.773437	150.781250
5915.828725	0.822622	-42.773437	150.781250
5915.830726	0.822607	9.048678	0.225426
5916.926720	0.680950	-142.187500	-185.839844
5916.928722	0.830497	-142.187500	-185.839844
5916.930721	0.828667	9.115333	0.080698
5917.898749	0.479234	-26.562500	148.535156
5917.900750	0.767354	-26.562500	148.535156
5917.902749	0.827514	-26.562500	148.535156
5917.904751	0.825135	9.076488	0.062622
5919.001152	0.490881	-137.011719	-187.402344
5919.003154	0.774764	-137.011719	-187.402344
5919.005154	0.828640	-137.011719	-187.402344
5919.007155	0.826485	9.091333	0.079292
5919.979222	0.434866	-68.066406	147.851562
5919.981221	0.737261	-68.066406	147.851562
5919.983225	0.828495	-68.066406	147.851562
5919.985223	0.825893	9.084820	0.061360
5921.075311	0.498832	-141.113281	-188.867187
5921.077312	0.778891	-141.113281	-188.867187
5921.079313	0.827675	-141.113281	-188.867187
5921.081313	0.825231	9.077543	0.080399
5922.057898	0.426641	-53.906250	146.777344
5922.059899	0.730837	-53.906250	146.777344
5922.063899	0.825234	-53.906250	146.777344
5922.065900	0.823420	9.057621	0.061040
5923.153974	0.777344	-137.792969	-189.160156
5923.155975	0.827152	-137.792969	-189.160156
5923.157977	0.824612	9.070738	0.079442
5924.136020	0.245718	-44.824219	147.167969
5924.138022	0.567075	-44.824219	147.167969
5924.140021	0.809281	-44.824219	147.167969
5924.142021	0.826860	-44.824219	147.167969
5924.144022	0.824571	9.070285	0.064601
5925.228056	0.404848	-135.742187	-189.746094
5925.230057	0.713807	-135.742187	-189.746094
5925.232058	0.828942	-135.742187	-189.746094
5925.234062	0.826574	9.092317	0.078704
5926.218096	0.617370	-53.515625	148.242187
5926.220096	0.821552	-53.515625	148.242187
5926.222097	0.826022	-53.515625	148.242187
5926.224097	0.823740	9.061139	0.368534
5927.308203	0.804439	-131.933594	-190.332031
5927.310207	0.826813	-131.933594	-190.332031
5927.312208	0.824654	9.071189	0.075976
5928.294253	0.458321	-46.679687	148.437500
5928.296256	0.753694	-46.679687	148.437500
5928.298255	0.827469	-46.679687	148.437500
5928.300257	0.824831	9.073139	0.061200
5929.382331	0.306128	-133.007812	-191.015625
5929.384333	0.624133	-133.007812	-191.015625
5929.386333	0.823509	-133.007812	-191.015625
5929.388333	0.826946	-133.007812	-191.015625
5929.390332	0.824971	9.074681	0.078137
5930.372314	0.514983	-53.710937	148.339844
5930.374317	0.787085	-53.710937	148.339844
5930.376318	0.826540	-53.710937	148.339844
5930.380314	0.822461	9.047075	0.061480
5931.460457	0.535190	-133.593750	-191.406250
5931.462456	0.796644	-133.593750	-191.406250
5931.466454	0.824379	-133.593750	-191.406250
5931.468458	0.822772	9.050488	0.076539
5932.452495	0.356115	-47.753906	147.656250
5932.454498	0.826458	-47.753906	147.656250
5932.456497	0.825791	9.083703	0.060990
5933.538536	0.676163	-132.812500	-191.503906
5933.540538	0.827485	-132.812500	-191.503906
5933.542538	0.825944	9.085386	0.077405
5934.528520	0.559061	-63.281250	148.632812
5934.530521	0.806282	-63.281250	148.632812
5934.532520	0.826534	-63.281250	148.632812
5934.534521	0.824209	9.066298	0.089356
5935.614515	0.487715	-132.324219	-190.917969
5935.616517	0.772117	-132.324219	-190.917969
5935.618517	0.826879	-132.324219	-190.917969
5935.620518	0.824123	9.065358	0.076577
5936.604535	0.458274	-46.875000	148.144531
5936.606536	0.753587	-46.875000	148.144531
5936.608536	0.827571	-46.875000	148.144531
5936.610537	0.824935	9.074282	0.059850
5937.692520	0.374348	-132.519531	-189.941406
5937.694521	0.687687	-132.519531	-189.941406
5937.696522	0.828613	-132.519531	-189.941406
5937.698521	0.826776	9.094532	0.077113
5938.680576	0.357611	-82.226562	148.730469
5938.682579	0.672559	-82.226562	148.730469
5938.684579	0.828086	-82.226562	148.730469
5938.686579	0.826780	9.094577	0.061744
5939.772588	0.587222	-135.546875	-189.257812
5939.774590	0.814834	-135.546875	-189.257812
5939.776588	0.816192	-135.546875	-189.257812
5939.778589	0.823677	9.060449	0.076888
5940.757159	0.504334	-46.777344	147.265625
5940.759165	0.781850	-46.777344	147.265625
5940.761170	0.827287	-46.777344	147.265625
5940.763173	0.824952	9.074477	0.058320
5941.849235	0.422106	-135.546875	-188.671875
5941.851236	0.727576	-135.546875	-188.671875
5941.853237	0.828435	-135.546875	-188.671875
5941.855239	0.825914	9.085050	0.077374
5942.833303	0.503872	-73.730469	147.753906
5942.835305	0.781139	-73.730469	147.753906
5942.837304	0.783075	-73.730469	147.753906
5942.839305	0.824093	9.065021	0.056769
5943.929374	0.320763	-134.472656	-188.964844
5943.931375	0.341285	-134.472656	-188.964844
5943.933377	0.824878	-134.472656	-188.964844
5943.939374	0.822918	9.052100	0.076399
5944.907442	0.344307	-48.730469	148.144531
5944.909444	0.660188	-48.730469	148.144531
5944.913441	0.826053	-48.730469	148.144531
5944.915442	0.824125	9.065375	0.058239
5946.009506	0.544296	-136.523437	-188.183594
5946.011508	0.800588	-136.523437	-188.183594
5946.013508	0.826589	-136.523437	-188.183594
5946.015511	0.824244	9.066687	0.075019
5946.983487	0.407932	-47.851562	148.632812
5946.985490	0.716343	-47.851562	148.632812
5946.987492	0.828883	-47.851562	148.632812
5946.989489	0.826503	9.091528	0.058352
5948.088025	0.434491	-134.960937	-188.671875
5948.090027	0.737007	-134.960937	-188.671875
5948.092026	0.828632	-134.960937	-188.671875
5948.094028	0.826010	9.086104	0.075886
5949.062083	0.805842	-5.957031	148.730469
5949.064085	0.826815	-5.957031	148.730469
5949.066087	0.824547	9.070020	0.054331
5950.168167	0.496238	-134.863281	-189.648437
5950.170168	0.777101	-134.863281	-189.648437
5950.172169	0.826964	-134.863281	-189.648437
5950.174169	0.824451	9.068965	0.075733
5951.136184	0.548540	-0.390625	149.804687
5951.138186	0.802074	-0.390625	149.804687
5951.140187	0.826287	-0.390625	149.804687
5951.142186	0.823910	9.063009	0.054593
5952.244248	0.318818	-134.960937	-191.601562
5952.246252	0.636174	-134.960937	-191.601562
5952.248254	0.825566	-134.960937	-191.601562
5952.250256	0.827177	9.098947	0.078209
5953.212362	0.472029	-10.644531	151.562500
5953.214363	0.762415	-10.644531	151.562500
5953.216361	0.826944	-10.644531	151.562500
5953.218361	0.824242	9.066661	0.054822
5954.322390	0.474131	-134.375000	-194.531250
5954.324391	0.763863	-134.375000	-194.531250
5954.326390	0.767111	-134.375000	-194.531250
5954.328391	0.824533	9.069860	0.077382
5955.288347	0.277711	-8.593750	153.125000
5955.292346	0.817590	-8.593750	153.125000
5955.294348	0.826496	-8.593750	153.125000
5955.296349	0.824298	9.067281	0.055985
5956.400386	0.520531	-132.910156	-197.753906
5956.402387	0.789875	-132.910156	-197.753906
5956.404387	0.826735	-132.910156	-197.753906
5956.406388	0.824308	9.067387	0.076239
5957.368447	0.250554	-1.953125	154.980469
5957.370447	0.571606	-1.953125	154.980469
5957.372450	0.810571	-1.953125	154.980469
5957.374448	0.826374	-1.953125	154.980469
5957.376448	0.824083	9.064915	0.055215
5958.482493	0.826023	-129.199219	-201.171875
5958.484495	0.823881	-129.199219	-201.171875
5958.486496	0.822450	9.046950	0.216148
5959.446564	0.406088	6.542969	156.152344
5959.448565	0.714375	6.542969	156.152344
5959.450565	0.827589	6.542969	156.152344
5959.452565	0.825102	9.076126	0.055122
5960.552626	0.345943	-129.492187	-203.613281
5960.554628	0.661864	-129.492187	-203.613281
5960.556631	0.827079	-129.492187	-203.613281
5960.558630	0.826412	9.090535	0.076925
5961.524622	0.296621	-17.089844	157.812500
5961.526626	0.615171	-17.089844	157.812500
5961.528626	0.821445	-17.089844	157.812500
5961.530624	0.826452	-17.089844	157.812500
5961.532625	0.824265	9.066917	0.056497
5962.628648	0.322981	-127.734375	-205.468750
5962.630649	0.640094	-127.734375	-205.468750
5962.632649	0.824499	-127.734375	-205.468750
5962.634651	0.825592	9.081513	0.074696
5963.606735	0.591612	-25.781250	158.203125
5963.608736	0.816011	-25.781250	158.203125
5963.610736	0.826125	-25.781250	158.203125
5963.612736	0.823782	9.061601	0.241293
5964.705296	0.483871	-127.636719	-206.542969
5964.707298	0.769994	-127.636719	-206.542969
5964.709299	0.827331	-127.636719	-206.542969
5964.711300	0.824858	9.073441	0.074756
5965.685301	0.649541	11.132812	156.738281
5965.691300	0.823800	11.132812	156.738281
5965.693302	0.822473	9.047208	0.055192
5966.781387	0.472181	-129.101562	-206.445312
5966.783388	0.762994	-129.101562	-206.445312
5966.785389	0.827726	-129.101562	-206.445312
5966.787390	0.825159	9.076755	0.073643
5967.763443	0.557999	-24.804687	157.617187
5967.765445	0.805876	-24.804687	157.617187
5967.773443	0.821854	-24.804687	157.617187
5967.775444	0.821148	9.032629	0.071139
5968.856021	0.307817	-127.832031	-206.347656
5968.858020	0.625696	-127.832031	-206.347656
5968.860021	0.825332	-127.832031	-206.347656
5968.862023	0.828576	-127.832031	-206.347656
5968.864021	0.826855	9.095401	0.075182
5969.844083	0.759677	-40.429687	157.617187
5969.846084	0.827738	-40.429687	157.617187
5969.848086	0.825081	9.075895	0.052393
5970.934101	0.454773	-131.054687	-206.738281
5970.936102	0.751245	-131.054687	-206.738281
5970.938105	0.827688	-131.054687	-206.738281
5970.940104	0.824992	9.074911	0.074157
5971.919079	0.517368	-4.882812	155.761719
5971.921079	0.788022	-4.882812	155.761719
5971.923081	0.826263	-4.882812	155.761719
5971.925079	0.823758	9.061343	0.054016
5973.011141	0.590692	-129.003906	-207.421875
5973.013143	0.815790	-129.003906	-207.421875
5973.015143	0.826043	-129.003906	-207.421875
5973.017143	0.823734	9.061077	0.251561
5973.995193	0.346743	4.199219	154.492187
5973.997196	0.662524	4.199219	154.492187
5974.001193	0.825683	4.199219	154.492187
5974.003195	0.823554	9.059092	0.056749
5975.091286	0.826627	-129.003906	-208.007812
5975.093290	0.824165	-129.003906	-208.007812
5975.095288	0.822519	9.047713	0.072627
5976.073278	0.408379	8.789062	154.882812
5976.075279	0.716493	8.789062	154.882812
5976.077279	0.828720	8.789062	154.882812
5976.079280	0.826285	9.089135	0.055134
5977.165357	0.323773	-129.199219	-207.910156
5977.167359	0.640708	-129.199219	-207.910156
5977.169363	0.825001	-129.199219	-207.910156
5977.171362	0.826168	9.087850	0.073165
5978.151335	0.465898	14.550781	154.882812
5978.153337	0.758585	14.550781	154.882812
5978.155338	0.827398	14.550781	154.882812
5978.157338	0.824836	9.073201	0.053793
5979.245357	0.606826	-128.417969	-208.007812
5979.247360	0.819235	-128.417969	-208.007812
5979.249359	0.825605	-128.417969	-208.007812
5979.251361	0.823352	9.056876	0.073005
5980.229377	0.459140	-41.308594	157.128906
5980.231378	0.827510	-41.308594	157.128906
5980.233378	0.824766	9.072430	0.051700
5981.323432	0.667263	-126.269531	-208.203125
5981.325433	0.827000	-126.269531	-208.203125
5981.327434	0.825995	9.085945	0.072259
5982.305852	0.723826	28.027344	155.078125
5982.307855	0.827924	28.027344	155.078125
5982.309853	0.825396	9.079360	0.050915
5983.400381	0.550625	-128.417969	-207.324219
5983.402384	0.803365	-128.417969	-207.324219
5983.404382	0.826947	-128.417969	-207.324219
5983.406383	0.824687	9.071552	0.072360
5984.380483	0.490495	-18.750000	156.933594
5984.382485	0.773794	-18.750000	156.933594
5984.384485	0.827130	-18.750000	156.933594
5984.386484	0.824522	9.069745	0.049840
5985.481034	0.532538	-125.781250	-206.152344
5985.483035	0.795651	-125.781250	-206.152344
5985.485035	0.826847	-125.781250	-206.152344
5985.487036	0.824539	9.069931	0.070283
5986.455079	0.322656	1.269531	156.542969
5986.457080	0.639568	1.269531	156.542969
5986.459080	0.825113	1.269531	156.542969
5986.461081	0.826399	9.090394	0.051140
5987.559138	0.676623	-126.367187	-204.199219
5987.561140	0.827424	-126.367187	-204.199219
5987.563139	0.825973	9.085706	0.072591
5988.533610	0.758043	-1.269531	155.371094
5988.535613	0.827238	-1.269531	155.371094
5988.537614	0.824689	9.071579	0.050095
5989.636138	0.487926	-128.613281	-201.660156
5989.638140	0.772423	-128.613281	-201.660156
5989.640139	0.827075	-128.613281	-201.660156
5989.642140	0.824520	9.069718	0.073249
5990.608207	0.533205	10.449219	153.613281
5990.610209	0.795485	10.449219	153.613281
5990.612210	0.826370	10.449219	153.613281
5990.614210	0.823891	9.062805	0.048619
5991.716262	0.467723	-128.320312	-198.925781
5991.718264	0.759832	-128.320312	-198.925781
5991.720262	0.827009	-128.320312	-198.925781
5991.722263	0.824258	9.066837	0.071495
5992.684279	0.520528	18.066406	151.757812
5992.686282	0.789626	18.066406	151.757812
5992.688280	0.826279	18.066406	151.757812
5992.690282	0.823870	9.062575	0.048628
5993.792353	0.454226	-130.664062	-196.289062
5993.794354	0.750785	-130.664062	-196.289062
5993.796353	0.827197	-130.664062	-196.289062
5993.798355	0.824536	9.069895	0.072982
5994.760406	0.432276	19.335937	150.000000
5994.762411	0.735083	19.335937	150.000000
5994.764415	0.827681	19.335937	150.000000
5994.766415	0.825101	9.076108	0.049791
5995.868464	0.280346	-130.175781	-193.847656
5995.870467	0.599624	-130.175781	-193.847656
5995.874465	0.826128	-130.175781	-193.847656
5995.876466	0.824107	-130.175781	-193.847656
5995.878472	0.822593	9.048519	0.074973
5996.836497	0.252775	34.863281	147.851562
5996.838499	0.573682	34.863281	147.851562
5996.842496	0.826371	34.863281	147.851562
5996.844499	0.824189	34.863281	147.851562
5996.846497	0.822676	9.049441	0.050262
5997.946536	0.505606	-130.859375	-191.796875
5997.948538	0.782514	-130.859375	-191.796875
5997.952538	0.825085	-130.859375	-191.796875
5997.954539	0.823369	9.057055	0.071305
5998.918581	0.546653	29.003906	147.070312
5998.920584	0.801158	29.003906	147.070312
5998.922584	0.826217	29.003906	147.070312
5998.924584	0.823771	9.061476	0.047631
6000.020627	0.255402	-134.179687	-190.820312
6000.022629	0.575995	-134.179687	-190.820312
6000.024629	0.811505	-134.179687	-190.820312
6000.026630	0.826032	-134.179687	-190.820312
6000.028629	0.823594	9.059535	0.072918
6000.995170	0.453507	-16.210937	146.972656
6000.997171	0.463611	-16.210937	146.972656
6000.999172	0.827691	-16.210937	146.972656
6001.001170	0.825060	9.075665	0.050316
6002.097780	0.417345	-131.347656	-190.527344
6002.099779	0.723604	-131.347656	-190.527344
6002.101780	0.828061	-131.347656	-190.527344
6002.103779	0.825500	9.080503	0.069647
6003.073860	0.529845	-4.589844	146.386719
6003.075861	0.793961	-4.589844	146.386719
6003.079861	0.823825	-4.589844	146.386719
6003.081862	0.822218	9.044398	0.048438
6004.175929	0.722377	-133.105469	-190.429687
6004.177930	0.828211	-133.105469	-190.429687
6004.179932	0.825669	9.082355	0.068606
6005.152509	0.356514	-29.980469	145.996094
6005.156509	0.827647	-29.980469	145.996094
6005.158511	0.826591	-29.980469	145.996094
6005.160510	0.824736	9.072093	0.049551
6006.252482	0.806154	-127.929687	-190.917969
6006.254485	0.827007	-127.929687	-190.917969
6006.256485	0.824906	9.073963	0.069053
6007.232556	0.566876	-29.492187	145.507812
6007.234558	0.808841	-29.492187	145.507812
6007.236558	0.826325	-29.492187	145.507812
6007.238559	0.824055	9.064605	0.050429
6008.326634	0.557097	-131.835937	-191.894531
6008.328633	0.805646	-131.835937	-191.894531
6008.330632	0.826567	-131.835937	-191.894531
6008.332633	0.824198	9.066173	0.068731
6009.309183	0.481471	-0.292969	143.847656
6009.313184	0.827240	-0.292969	143.847656
6009.315186	0.824596	-0.292969	143.847656
6009.317185	0.822858	9.051435	0.049371
6010.401245	0.394290	-129.687500	-192.089844
6010.403245	0.705030	-129.687500	-192.089844
6010.405244	0.828695	-129.687500	-192.089844
6010.407245	0.826423	9.090651	0.068427
6011.391211	0.827362	4.101562	144.140625
6011.393213	0.825443	4.101562	144.140625
6011.395213	0.823467	9.058135	0.049165
6012.479231	0.680615	-127.734375	-192.187500
6012.481232	0.827860	-127.734375	-192.187500
6012.483232	0.826199	9.088187	0.069251
6013.467295	0.273635	7.226562	144.531250
6013.469298	0.814194	7.226562	144.531250
6013.471298	0.826174	7.226562	144.531250
6013.473298	0.823909	9.063000	0.049325
6014.555260	0.419861	-127.734375	-192.285156
6014.557260	0.725878	-127.734375	-192.285156
6014.559260	0.828870	-127.734375	-192.285156
6014.561261	0.826346	9.089809	0.067607
6015.543327	0.566102	-4.980469	144.531250
6015.545330	0.808837	-4.980469	144.531250
6015.547329	0.826680	-4.980469	144.531250
6015.549330	0.824469	9.069160	0.104893
6016.633363	0.484215	-127.636719	-192.285156
6016.635364	0.770081	-127.636719	-192.285156
6016.637365	0.827221	-127.636719	-192.285156
6016.639365	0.824616	9.070773	0.067072
6017.619423	0.477097	20.507812	143.847656
6017.621425	0.765971	20.507812	143.847656
6017.623424	0.827669	20.507812	143.847656
6017.625424	0.827588	9.103466	0.050512
6018.711444	0.623708	-128.808594	-192.675781
6018.713445	0.823058	-128.808594	-192.675781
6018.715444	0.826454	-128.808594	-192.675781
6018.717445	0.824573	9.070303	0.406966
6019.696025	0.466057	-1.269531	144.042969
6019.698027	0.758593	-1.269531	144.042969
6019.700028	0.827191	-1.269531	144.042969
6019.702026	0.824471	9.069186	0.048462
6020.786051	0.295015	-129.394531	-192.871094
6020.788051	0.337473	-129.394531	-192.871094
6020.790053	0.821192	-129.394531	-192.871094
6020.792053	0.826465	-129.394531	-192.871094
6020.796051	0.822945	9.052392	0.069393
6021.772083	0.367231	29.003906	142.675781
6021.774085	0.681274	29.003906	142.675781
6021.776084	0.828175	29.003906	142.675781
6021.780083	0.824723	9.071951	0.050098
6022.864143	0.362418	-128.320312	-192.871094
6022.866145	0.676918	-128.320312	-192.871094
6022.868146	0.828696	-128.320312	-192.871094
6022.870146	0.827245	9.099690	0.068419
6023.850207	0.517209	18.164062	142.871094
6023.852209	0.788282	18.164062	142.871094
6023.854210	0.827057	18.164062	142.871094
6023.856209	0.824639	9.071030	0.047009
6024.946272	0.654851	-130.859375	-192.285156
6024.948273	0.825918	-130.859375	-192.285156
6024.950275	0.825576	9.081337	0.554564
6025.922883	1.526577	24.902344	143.457031
6025.924887	0.605302	24.902344	143.457031
6025.926887	0.819198	24.902344	143.457031
6025.928885	0.826022	24.902344	143.457031
6025.930886	0.823792	9.061707	0.048682
6027.026901	0.827008	-132.031250	-192.089844
6027.028901	0.824496	9.069461	0.065475
6028.001485	0.671252	44.042969	142.871094
6028.005484	0.825258	44.042969	142.871094
6028.007485	0.823247	9.055716	0.633775
6029.099516	0.479153	-130.175781	-192.089844
6029.101517	0.766883	-130.175781	-192.089844
6029.103519	0.827051	-130.175781	-192.089844
6029.105518	0.824422	9.068645	0.066034
6030.075538	0.339091	12.988281	144.726562
6030.077539	0.655192	12.988281	144.726562
6030.079540	0.826676	12.988281	144.726562
6030.081541	0.826524	9.091767	0.046071
6031.179538	0.359806	-129.199219	-192.480469
6031.181542	0.674471	-129.199219	-192.480469
6031.183546	0.827834	-129.199219	-192.480469
6031.185547	0.826559	9.092149	0.069414
6032.153637	0.775802	17.871094	145.507812
6032.155638	0.827767	17.871094	145.507812
6032.157636	0.825382	9.079201	0.046114
6033.261596	0.828011	-129.687500	-193.066406
6033.263598	0.825458	-129.687500	-193.066406
6033.265599	0.823711	9.060820	0.069419
6034.227586	0.378935	28.027344	145.996094
6034.229588	0.691642	28.027344	145.996094
6034.231589	0.828403	28.027344	145.996094
6034.233587	0.826304	9.089339	0.045790
6035.335619	0.471184	-129.980469	-194.531250
6035.337621	0.762352	-129.980469	-194.531250
6035.339624	0.827794	-129.980469	-194.531250
6035.341625	0.825342	9.078757	0.068884
6036.305629	0.352452	34.960937	146.484375
6036.307632	0.667525	34.960937	146.484375
6036.309632	0.826447	34.960937	146.484375
6036.311632	0.825360	9.078961	0.045204
