time (s)	coil I (A)	last det (V)	int current (uC)
867.936128	0.591939	-195.703125	-164.746094
867.938134	0.900162	-195.703125	-164.746094
867.940136	1.192508	-195.703125	-164.746094
867.942140	1.460621	-195.703125	-164.746094
867.944140	1.537255	-195.703125	-164.746094
867.946140	1.533259	16.865852	1.024805
868.974731	0.543845	-382.031250	182.128906
868.976735	0.853533	-382.031250	182.128906
868.978735	1.148804	-382.031250	182.128906
868.982733	1.538152	-382.031250	182.128906
868.984733	1.534197	-382.031250	182.128906
868.986735	1.531589	16.847481	0.986585
870.013236	0.540253	-189.746094	-168.359375
870.015237	0.850044	-189.746094	-168.359375
870.017237	1.145655	-189.746094	-168.359375
870.019237	1.421577	-189.746094	-168.359375
870.021237	1.426070	-189.746094	-168.359375
870.023236	1.534560	16.880156	1.003261
871.055756	0.653604	-376.171875	183.300781
871.057757	0.959132	-376.171875	183.300781
871.059757	0.968958	-376.171875	183.300781
871.061757	1.495097	-376.171875	183.300781
871.063756	1.535917	-376.171875	183.300781
871.065759	1.532183	16.854012	1.158760
872.091790	0.474278	-181.445312	-173.828125
872.093791	0.785618	-181.445312	-173.828125
872.095796	1.085294	-181.445312	-173.828125
872.097813	1.365263	-181.445312	-173.828125
872.099818	1.535928	-181.445312	-173.828125
872.101817	1.535088	-181.445312	-173.828125
872.103816	1.532193	16.854118	0.982279
873.135883	0.743385	-332.226562	189.941406
873.139892	1.327995	-332.226562	189.941406
873.141890	1.527450	-332.226562	189.941406
873.143890	1.534349	-332.226562	189.941406
873.145891	1.531156	16.842712	0.948001
874.169945	0.445747	-175.097656	-179.199219
874.171946	0.757812	-175.097656	-179.199219
874.173947	1.058872	-175.097656	-179.199219
874.175946	1.340074	-175.097656	-179.199219
874.179946	1.534132	-175.097656	-179.199219
874.181946	1.531180	-175.097656	-179.199219
874.183945	1.531101	16.842110	0.958891
875.213974	0.565633	-333.105469	191.113281
875.219975	1.441239	-333.105469	191.113281
875.223975	1.533557	-333.105469	191.113281
875.225976	1.531005	16.841055	0.948781
876.248009	0.371831	-177.636719	-180.273437
876.252009	0.990643	-177.636719	-180.273437
876.254010	1.276544	-177.636719	-180.273437
876.260008	1.531911	-177.636719	-180.273437
876.262011	1.529958	-177.636719	-180.273437
876.264011	1.528627	16.814894	0.974693
877.291992	0.525430	-333.203125	191.699219
877.293991	0.835518	-333.203125	191.699219
877.295991	1.132062	-333.203125	191.699219
877.297991	1.409076	-333.203125	191.699219
877.299991	1.537622	-333.203125	191.699219
877.301993	1.533960	16.873562	0.916532
878.328084	0.512908	-176.367187	-183.593750
878.332083	1.120626	-176.367187	-183.593750
878.334086	1.398375	-176.367187	-183.593750
878.336085	1.536893	-176.367187	-183.593750
878.338086	1.533690	16.870594	0.927244
879.370094	0.269877	-347.070312	190.820312
879.372098	0.589990	-347.070312	190.820312
879.374097	0.898266	-347.070312	190.820312
879.376097	1.190490	-347.070312	190.820312
879.378097	1.458075	-347.070312	190.820312
879.380097	1.536820	-347.070312	190.820312
879.382095	1.532832	16.861155	0.955066
880.410205	0.908073	-176.367187	-184.472656
880.412206	1.199556	-176.367187	-184.472656
880.414207	1.464732	-176.367187	-184.472656
880.416208	1.536507	-176.367187	-184.472656
880.418206	1.532464	16.857105	1.010929
881.448728	0.503646	-340.429687	193.359375
881.450731	0.814198	-340.429687	193.359375
881.452732	1.112266	-340.429687	193.359375
881.454733	1.390385	-340.429687	193.359375
881.456731	1.537408	-340.429687	193.359375
881.458731	1.534590	16.880493	0.903102
882.486792	0.561626	-176.171875	-186.328125
882.488792	0.871024	-176.171875	-186.328125
882.490793	1.165110	-176.171875	-186.328125
882.492792	1.438313	-176.171875	-186.328125
882.494795	1.442646	-176.171875	-186.328125
882.496792	1.534515	16.879660	0.924971
883.525385	0.263994	-322.558594	196.972656
883.527387	0.584537	-322.558594	196.972656
883.529386	0.892914	-322.558594	196.972656
883.531386	1.185568	-322.558594	196.972656
883.533385	1.454334	-322.558594	196.972656
883.535386	1.536919	-322.558594	196.972656
883.537386	1.532884	16.861723	0.900910
884.565946	0.548090	-173.828125	-187.402344
884.567949	0.857651	-173.828125	-187.402344
884.569949	1.152721	-173.828125	-187.402344
884.571949	1.427584	-173.828125	-187.402344
884.575949	1.533920	-173.828125	-187.402344
884.577951	1.531354	16.844893	0.886044
885.606500	0.706316	-321.386719	197.363281
885.608503	1.009524	-321.386719	197.363281
885.610503	1.294138	-321.386719	197.363281
885.612502	1.516847	-321.386719	197.363281
885.614503	1.534838	-321.386719	197.363281
885.616504	1.531510	16.846611	0.873891
886.645064	0.612304	-177.441406	-187.207031
886.647063	0.919630	-177.441406	-187.207031
886.649065	1.210397	-177.441406	-187.207031
886.651065	1.472403	-177.441406	-187.207031
886.653064	1.536432	-177.441406	-187.207031
886.655064	1.532521	16.857735	0.887673
887.683063	0.387480	-321.777344	197.851562
887.685066	0.701625	-321.777344	197.851562
887.687065	1.005010	-321.777344	197.851562
887.689067	1.289835	-321.777344	197.851562
887.691066	1.515283	-321.777344	197.851562
887.693064	1.535147	-321.777344	197.851562
887.695065	1.531820	16.850016	0.892989
888.723088	0.583390	-174.707031	-188.183594
888.725090	0.891985	-174.707031	-188.183594
888.727090	1.184616	-174.707031	-188.183594
888.729090	1.453718	-174.707031	-188.183594
888.731091	1.537168	-174.707031	-188.183594
888.733092	1.533078	16.863857	0.879032
889.761692	0.475179	-317.968750	198.144531
889.763694	0.786492	-317.968750	198.144531
889.765695	1.086228	-317.968750	198.144531
889.767721	1.365391	-317.968750	198.144531
889.769725	1.538221	-317.968750	198.144531
889.771731	1.537374	-317.968750	198.144531
889.773736	1.534625	16.880873	0.840819
890.801757	0.533732	-173.144531	-189.160156
890.803757	0.843627	-173.144531	-189.160156
890.805758	1.139554	-173.144531	-189.160156
890.807758	1.415971	-173.144531	-189.160156
890.809759	1.537834	-173.144531	-189.160156
890.811759	1.534007	16.874077	0.863129
891.840708	0.612161	-309.179687	199.609375
891.842711	0.919415	-309.179687	199.609375
891.844710	1.210227	-309.179687	199.609375
891.846711	1.472193	-309.179687	199.609375
891.848710	1.536547	-309.179687	199.609375
891.850710	1.532653	16.859179	0.844030
892.879267	0.524676	-170.996094	-189.160156
892.881268	0.834740	-170.996094	-189.160156
892.883268	1.131276	-170.996094	-189.160156
892.885269	1.408340	-170.996094	-189.160156
892.887268	1.538017	-170.996094	-189.160156
892.889268	1.534442	16.878860	0.834801
893.919870	0.680832	-302.734375	199.218750
893.921874	0.985052	-302.734375	199.218750
893.925871	1.507356	-302.734375	199.218750
893.927872	1.535297	-302.734375	199.218750
893.929873	1.531830	16.850130	0.816189
894.956459	0.386705	-171.093750	-188.769531
894.958461	0.700826	-171.093750	-188.769531
894.960462	1.004304	-171.093750	-188.769531
894.964459	1.514897	-171.093750	-188.769531
894.968460	1.531546	-171.093750	-188.769531
894.970461	1.529552	16.825077	0.830717
895.999431	0.839322	-287.109375	200.097656
896.001438	1.135555	-287.109375	200.097656
896.003443	1.413600	-287.109375	200.097656
896.005441	1.538226	-287.109375	200.097656
896.007442	1.534530	16.879827	0.792318
897.033980	0.368300	-172.460937	-187.109375
897.035981	0.683201	-172.460937	-187.109375
897.037980	0.987293	-172.460937	-187.109375
897.039981	1.273427	-172.460937	-187.109375
897.041980	1.507909	-172.460937	-187.109375
897.043981	1.534806	-172.460937	-187.109375
897.045983	1.531363	16.844990	0.849989
898.076085	0.568206	-232.324219	201.464844
898.078086	0.877383	-232.324219	201.464844
898.080087	1.170911	-232.324219	201.464844
898.082086	1.443043	-232.324219	201.464844
898.084086	1.537497	-232.324219	201.464844
898.086085	1.533398	16.867376	0.810944
899.112064	0.348874	-163.867187	-188.671875
899.114065	0.664781	-163.867187	-188.671875
899.116067	0.969731	-163.867187	-188.671875
899.118067	1.257021	-163.867187	-188.671875
899.120065	1.500023	-163.867187	-188.671875
899.122066	1.535069	-163.867187	-188.671875
899.124067	1.531487	16.846354	0.796895
900.154076	0.456522	-258.886719	198.535156
900.156078	0.768292	-258.886719	198.535156
900.158079	1.068704	-258.886719	198.535156
900.160079	1.349129	-258.886719	198.535156
900.162080	1.532073	-258.886719	198.535156
900.164079	1.533981	-258.886719	198.535156
900.166078	1.531000	16.841002	0.771324
901.190089	0.463924	-162.011719	-187.304687
901.192091	0.775476	-162.011719	-187.304687
901.194091	1.075575	-162.011719	-187.304687
901.196091	1.355527	-162.011719	-187.304687
901.198091	1.533286	-162.011719	-187.304687
901.200092	1.534253	-162.011719	-187.304687
901.202091	1.531312	16.844433	0.797727
902.234103	0.720316	-283.398437	195.410156
902.236105	1.022889	-283.398437	195.410156
902.238105	1.306526	-283.398437	195.410156
902.240104	1.521142	-283.398437	195.410156
902.242106	1.534483	-283.398437	195.410156
902.244104	1.531243	16.843678	0.760600
903.268688	0.565129	-164.062500	-185.156250
903.270692	0.874333	-164.062500	-185.156250
903.272690	1.168092	-164.062500	-185.156250
903.274689	1.440666	-164.062500	-185.156250
903.276689	1.537735	-164.062500	-185.156250
903.278689	1.533605	16.869654	0.788449
904.311229	0.541425	-231.835937	196.875000
904.313238	0.851206	-231.835937	196.875000
904.315238	1.147449	-231.835937	196.875000
904.317237	1.422992	-231.835937	196.875000
904.319236	1.537750	-231.835937	196.875000
904.321235	1.533788	16.871666	0.741727
905.347262	0.672759	-160.546875	-183.593750
905.349264	0.977316	-160.546875	-183.593750
905.351264	1.264097	-160.546875	-183.593750
905.353264	1.503885	-160.546875	-183.593750
905.355264	1.535571	-160.546875	-183.593750
905.357263	1.532086	16.852949	0.779502
906.389248	0.642776	-292.285156	192.675781
906.391250	0.948715	-292.285156	192.675781
906.393251	1.237451	-292.285156	192.675781
906.395251	1.489350	-292.285156	192.675781
906.397252	1.535769	-292.285156	192.675781
906.399250	1.532061	16.852673	0.748030
907.423800	0.369633	-163.183594	-180.859375
907.425800	0.684363	-163.183594	-180.859375
907.427802	0.988499	-163.183594	-180.859375
907.429802	1.274456	-163.183594	-180.859375
907.431804	1.508515	-163.183594	-180.859375
907.433802	1.534883	-163.183594	-180.859375
907.435803	1.531486	16.846346	0.765649
908.465779	0.460357	-277.148437	192.578125
908.467781	0.490760	-277.148437	192.578125
908.469780	1.072268	-277.148437	192.578125
908.471781	1.352478	-277.148437	192.578125
908.473780	1.533686	-277.148437	192.578125
908.475779	1.535127	-277.148437	192.578125
908.477780	1.532187	16.854057	0.727512
909.502355	0.394000	-162.304687	-179.296875
909.504357	0.707684	-162.304687	-179.296875
909.506357	1.010724	-162.304687	-179.296875
909.508358	1.295167	-162.304687	-179.296875
909.510357	1.517093	-162.304687	-179.296875
909.512358	1.534638	-162.304687	-179.296875
909.514357	1.531382	16.845203	0.756604
910.542360	0.415331	-274.023437	191.601562
910.546360	1.030530	-274.023437	191.601562
910.548362	1.313567	-274.023437	191.601562
910.550361	1.523176	-274.023437	191.601562
910.552363	1.534225	-274.023437	191.601562
910.554363	1.531071	16.841782	0.715108
911.580905	0.345520	-169.433594	-177.441406
911.582907	0.661444	-169.433594	-177.441406
911.584907	0.966543	-169.433594	-177.441406
911.586907	1.254006	-169.433594	-177.441406
911.588906	1.498483	-169.433594	-177.441406
911.590907	1.535184	-169.433594	-177.441406
911.592908	1.531631	16.847940	0.744920
912.621832	0.721044	-271.679687	191.308594
912.623834	1.023472	-271.679687	191.308594
912.625835	1.307052	-271.679687	191.308594
912.627833	1.521267	-271.679687	191.308594
912.629834	1.534465	-271.679687	191.308594
912.631836	1.531150	16.842649	0.700534
913.660385	0.352727	-153.417969	-179.492187
913.662388	0.668385	-153.417969	-179.492187
913.666388	1.260229	-153.417969	-179.492187
913.668388	1.501692	-153.417969	-179.492187
913.670389	1.535101	-153.417969	-179.492187
913.672389	1.531592	16.847507	0.725082
914.696425	0.485767	-211.914062	193.554687
914.698427	0.796678	-211.914062	193.554687
914.700427	1.095871	-211.914062	193.554687
914.702427	1.374434	-211.914062	193.554687
914.704427	1.536454	-211.914062	193.554687
914.706427	1.534750	16.882248	0.758105
915.740426	0.682270	-169.335937	-176.660156
915.742425	0.986482	-169.335937	-176.660156
915.744426	1.272664	-169.335937	-176.660156
915.746426	1.283025	-169.335937	-176.660156
915.748428	1.535346	-169.335937	-176.660156
915.752424	1.529957	16.829525	0.726255
916.773360	0.467556	-240.820312	192.675781
916.775362	0.778805	-240.820312	192.675781
916.777362	1.078836	-240.820312	192.675781
916.779362	1.358464	-240.820312	192.675781
916.781373	1.534975	-240.820312	192.675781
916.783373	1.535347	-240.820312	192.675781
916.785373	1.532373	16.856104	0.686948
917.819449	0.647511	-162.695312	-177.441406
917.821452	0.953221	-162.695312	-177.441406
917.825450	1.491781	-162.695312	-177.441406
917.827450	1.535691	-162.695312	-177.441406
917.829451	1.532059	16.852648	0.956037
918.850050	0.460599	-243.945312	193.066406
918.852052	0.772096	-243.945312	193.066406
918.854052	1.072389	-243.945312	193.066406
918.856053	1.352413	-243.945312	193.066406
918.858052	1.532674	-243.945312	193.066406
918.860051	1.533911	-243.945312	193.066406
918.862053	1.530962	16.840576	0.674415
919.896102	0.332826	-162.890625	-177.734375
919.898104	0.649330	-162.890625	-177.734375
919.900105	0.954927	-162.890625	-177.734375
919.902106	1.243256	-162.890625	-177.734375
919.904104	1.492554	-162.890625	-177.734375
919.906104	1.535219	-162.890625	-177.734375
919.908105	1.535066	16.885731	0.695009
920.926695	0.406097	-200.488281	193.945312
920.928698	0.719327	-200.488281	193.945312
920.930698	1.021916	-200.488281	193.945312
920.932699	1.305525	-200.488281	193.945312
920.934698	1.520396	-200.488281	193.945312
920.936700	1.533841	-200.488281	193.945312
920.938700	1.530653	16.837183	0.667706
921.974696	0.321653	-150.683594	-179.003906
921.976698	0.638669	-150.683594	-179.003906
921.978699	0.648486	-150.683594	-179.003906
921.980700	1.233617	-150.683594	-179.003906
921.982698	1.487178	-150.683594	-179.003906
921.984698	1.535502	-150.683594	-179.003906
921.986698	1.531746	16.849209	0.686761
923.006709	0.756609	-260.058594	192.578125
923.008711	1.057539	-260.058594	192.578125
923.010712	1.338832	-260.058594	192.578125
923.012712	1.530252	-260.058594	192.578125
923.014713	1.534431	-260.058594	192.578125
923.016712	1.531422	16.845646	0.659944
924.051672	0.341479	-154.785156	-178.417969
924.053675	0.657501	-154.785156	-178.417969
924.055675	0.962754	-154.785156	-178.417969
924.057675	1.250489	-154.785156	-178.417969
924.059674	1.496563	-154.785156	-178.417969
924.061675	1.535261	-154.785156	-178.417969
924.063676	1.531739	16.849129	0.686115
925.083718	0.741258	-168.164062	195.800781
925.085720	1.042893	-168.164062	195.800781
925.087719	1.325039	-168.164062	195.800781
925.089720	1.526771	-168.164062	195.800781
925.093718	1.531224	-168.164062	195.800781
925.095720	1.529282	16.822100	0.656084
926.133700	0.893661	-146.582031	-178.613281
926.135699	1.186077	-146.582031	-178.613281
926.137702	1.454599	-146.582031	-178.613281
926.139701	1.536528	-146.582031	-178.613281
926.141701	1.532405	16.856459	0.736851
927.161781	0.807941	-158.105469	196.191406
927.163783	1.106374	-158.105469	196.191406
927.165783	1.384664	-158.105469	196.191406
927.167782	1.539605	-158.105469	196.191406
927.169782	1.537220	16.909418	0.634784
928.209805	0.692237	-148.144531	-179.199219
928.211808	0.996045	-148.144531	-179.199219
928.213806	1.281520	-148.144531	-179.199219
928.215808	1.293205	-148.144531	-179.199219
928.219806	1.531434	-148.144531	-179.199219
928.221809	1.529453	16.823986	0.658974
929.239853	0.862278	-157.812500	195.898437
929.241854	1.156905	-157.812500	195.898437
929.243855	1.431150	-157.812500	195.898437
929.245854	1.537625	-157.812500	195.898437
929.247855	1.533561	16.869167	0.623956
930.291853	1.391714	-149.707031	-178.613281
930.293855	1.536140	-149.707031	-178.613281
930.295854	1.533071	16.863779	0.641878
931.315838	0.498851	-165.039062	195.898437
931.317843	0.809431	-165.039062	195.898437
931.319847	1.108032	-165.039062	195.898437
931.321844	1.386874	-165.039062	195.898437
931.323846	1.536634	-165.039062	195.898437
931.325846	1.534055	16.874599	0.614382
932.365842	0.792007	-145.019531	-178.808594
932.367843	1.243245	-145.019531	-178.808594
932.369844	1.492748	-145.019531	-178.808594
932.371843	1.535791	-145.019531	-178.808594
932.373844	1.532125	16.853374	0.925642
933.393880	0.553704	-180.664062	195.019531
933.395880	0.863024	-180.664062	195.019531
933.397881	1.157668	-180.664062	195.019531
933.399880	1.431703	-180.664062	195.019531
933.401878	1.537242	-180.664062	195.019531
933.403879	1.533200	16.865196	0.608052
934.439919	0.478924	-146.777344	-178.515625
934.441924	0.789908	-146.777344	-178.515625
934.443924	1.089368	-146.777344	-178.515625
934.445929	1.368290	-146.777344	-178.515625
934.447930	1.534702	-146.777344	-178.515625
934.449931	1.533527	16.868795	0.667549
935.471983	0.575842	-188.769531	194.824219
935.473985	0.884597	-188.769531	194.824219
935.475986	1.178008	-188.769531	194.824219
935.477987	1.448739	-188.769531	194.824219
935.479985	1.538951	-188.769531	194.824219
935.481986	1.534828	16.883108	0.663892
936.518035	0.602880	-144.140625	-178.515625
936.520037	0.910397	-144.140625	-178.515625
936.522038	0.920865	-144.140625	-178.515625
936.524037	1.466037	-144.140625	-178.515625
936.526036	1.535899	-144.140625	-178.515625
936.528035	1.531820	16.850023	0.645313
937.550027	0.549866	-187.695312	194.433594
937.552030	0.859300	-187.695312	194.433594
937.554029	1.154162	-187.695312	194.433594
937.556030	1.428869	-187.695312	194.433594
937.558029	1.538092	-187.695312	194.433594
937.560027	1.534002	16.874023	0.590958
938.598067	0.757689	-156.835937	-177.734375
938.600069	1.330458	-156.835937	-177.734375
938.602070	1.528159	-156.835937	-177.734375
938.604069	1.534431	-156.835937	-177.734375
938.606069	1.531372	16.845087	0.619358
939.632632	1.131470	-209.863281	194.140625
939.634637	1.408447	-209.863281	194.140625
939.636635	1.536936	-209.863281	194.140625
939.638636	1.533284	16.866127	0.578800
940.673149	0.819750	-143.750000	-178.808594
940.675152	1.117311	-143.750000	-178.808594
940.677152	1.395210	-143.750000	-178.808594
940.679153	1.537412	-143.750000	-178.808594
940.681152	1.534294	16.877232	0.636234
941.707156	0.592319	-203.613281	194.238281
941.709157	0.900273	-203.613281	194.238281
941.711159	1.192310	-203.613281	194.238281
941.713159	1.459348	-203.613281	194.238281
941.715158	1.536612	-203.613281	194.238281
941.717158	1.532587	16.858459	0.694308
942.747192	0.451040	-154.980469	-178.906250
942.749195	0.762750	-154.980469	-178.906250
942.751194	1.063399	-154.980469	-178.906250
942.753194	1.344027	-154.980469	-178.906250
942.755194	1.531335	-154.980469	-178.906250
942.759192	1.531243	-154.980469	-178.906250
942.761193	1.529560	16.825155	0.595389
943.785763	0.634585	-213.964844	194.824219
943.787765	0.940796	-213.964844	194.824219
943.789765	1.229990	-213.964844	194.824219
943.791765	1.484724	-213.964844	194.824219
943.793766	1.535470	-213.964844	194.824219
943.795766	1.531596	16.847561	0.827879
944.822334	0.240111	-156.054687	-179.492187
944.824334	0.561912	-156.054687	-179.492187
944.826333	0.871098	-156.054687	-179.492187
944.828334	1.165087	-156.054687	-179.492187
944.830334	1.437826	-156.054687	-179.492187
944.832334	1.536678	-156.054687	-179.492187
944.834334	1.532498	16.857477	0.654269
945.863311	0.409704	-242.968750	194.140625
945.865312	0.722775	-242.968750	194.140625
945.867313	1.025204	-242.968750	194.140625
945.869314	1.308509	-242.968750	194.140625
945.871313	1.521489	-242.968750	194.140625
945.873313	1.533984	-242.968750	194.140625
945.875312	1.530838	16.839220	0.599872
946.901363	0.589097	-158.105469	-180.957031
946.903364	0.897246	-158.105469	-180.957031
946.905364	0.907713	-158.105469	-180.957031
946.907363	1.457288	-158.105469	-180.957031
946.909364	1.536955	-158.105469	-180.957031
946.911363	1.532881	16.861687	0.610162
947.942347	0.613030	-238.476562	195.507812
947.944350	0.920091	-238.476562	195.507812
947.946350	1.210646	-238.476562	195.507812
947.948351	1.472244	-238.476562	195.507812
947.950350	1.535684	-238.476562	195.507812
947.952350	1.531759	16.849350	0.570363
948.977296	0.492859	-152.539062	-183.398437
948.981296	1.102208	-152.539062	-183.398437
948.983299	1.380504	-152.539062	-183.398437
948.985298	1.536320	-152.539062	-183.398437
948.987298	1.534094	16.875034	0.618109
950.019813	0.486365	-153.906250	197.363281
950.021815	0.797253	-153.906250	197.363281
950.023815	1.096274	-153.906250	197.363281
950.025814	1.374819	-153.906250	197.363281
950.027815	1.535359	-153.906250	197.363281
950.029816	1.533607	16.869671	0.559189
951.053831	0.294888	-146.191406	-185.839844
951.055833	0.613230	-146.191406	-185.839844
951.057834	0.920217	-146.191406	-185.839844
951.059834	1.210894	-146.191406	-185.839844
951.061833	1.472220	-146.191406	-185.839844
951.063832	1.535451	-146.191406	-185.839844
951.065833	1.531534	16.846878	0.596955
952.095867	0.358186	-189.257812	198.144531
952.097870	0.673312	-189.257812	198.144531
952.099871	0.977778	-189.257812	198.144531
952.101870	1.264482	-189.257812	198.144531
952.105868	1.534640	-189.257812	198.144531
952.107868	1.531181	-189.257812	198.144531
952.109870	1.529204	16.821239	0.558636
953.131950	0.427838	-140.820312	-186.914062
953.133952	0.740240	-140.820312	-186.914062
953.135951	1.041822	-140.820312	-186.914062
953.137954	1.323982	-140.820312	-186.914062
953.139952	1.525903	-140.820312	-186.914062
953.141952	1.533629	-140.820312	-186.914062
953.143954	1.530525	16.835773	0.574773
954.175983	0.748493	-188.867187	199.316406
954.177985	1.049772	-188.867187	199.316406
954.179985	1.331414	-188.867187	199.316406
954.181986	1.527953	-188.867187	199.316406
954.183985	1.533574	-188.867187	199.316406
954.185985	1.530593	16.836517	0.549584
955.209977	0.409474	-142.187500	-188.867187
955.211978	0.722567	-142.187500	-188.867187
955.213981	1.025573	-142.187500	-188.867187
955.215980	1.308882	-142.187500	-188.867187
955.217981	1.521694	-142.187500	-188.867187
955.219983	1.534183	-142.187500	-188.867187
955.221982	1.530966	16.840622	0.563754
956.252012	0.427908	-170.703125	200.488281
956.254014	0.740363	-170.703125	200.488281
956.258014	1.324044	-170.703125	200.488281
956.260014	1.525515	-170.703125	200.488281
956.262016	1.533192	-170.703125	200.488281
956.264015	1.530174	16.831919	0.530618
957.288110	0.518235	-137.207031	-190.039062
957.290112	0.828307	-137.207031	-190.039062
957.292114	1.125225	-137.207031	-190.039062
957.294114	1.402585	-137.207031	-190.039062
957.296112	1.537368	-137.207031	-190.039062
957.300110	1.531178	16.842960	0.552000
958.328119	0.324032	-144.628906	201.367187
958.330121	0.640944	-144.628906	201.367187
958.332120	0.946667	-144.628906	201.367187
958.334120	1.235474	-144.628906	201.367187
958.336121	1.487933	-144.628906	201.367187
958.338121	1.535173	-144.628906	201.367187
958.342120	1.529345	16.822790	0.542898
959.364178	0.286127	-141.796875	-191.503906
959.366179	0.604989	-141.796875	-191.503906
959.368179	0.912304	-141.796875	-191.503906
959.370179	1.203371	-141.796875	-191.503906
959.372180	1.467139	-141.796875	-191.503906
959.374179	1.535624	-141.796875	-191.503906
959.376179	1.531637	16.848011	0.569781
960.408167	0.806208	-179.882812	201.757812
960.410170	1.104573	-179.882812	201.757812
960.412170	1.382862	-179.882812	201.757812
960.414168	1.535354	-179.882812	201.757812
960.416170	1.532881	16.861687	0.523894
961.444725	0.768363	-148.242187	-191.796875
961.446728	1.068696	-148.242187	-191.796875
961.448726	1.348974	-148.242187	-191.796875
961.450727	1.532226	-148.242187	-191.796875
961.452727	1.534306	-148.242187	-191.796875
961.454726	1.531301	16.844307	0.544448
962.485288	0.748278	-108.984375	202.343750
962.487290	1.049501	-108.984375	202.343750
962.489290	1.331122	-108.984375	202.343750
962.491289	1.528196	-108.984375	202.343750
962.493290	1.534278	-108.984375	202.343750
962.495289	1.531162	16.842783	0.526256
963.519320	0.363586	-139.355469	-192.089844
963.521323	0.378187	-139.355469	-192.089844
963.523323	0.982697	-139.355469	-192.089844
963.525323	1.268934	-139.355469	-192.089844
963.527321	1.505471	-139.355469	-192.089844
963.529324	1.534229	-139.355469	-192.089844
963.533320	1.528818	16.816994	0.557375
964.561339	0.491706	-163.378906	202.636719
964.563341	0.802263	-163.378906	202.636719
964.565342	1.100922	-163.378906	202.636719
964.567342	1.379270	-163.378906	202.636719
964.569340	1.534703	-163.378906	202.636719
964.571343	1.532459	16.857052	0.515237
965.597371	0.338215	-144.628906	-191.992187
965.599375	0.355442	-144.628906	-191.992187
965.601374	0.959532	-144.628906	-191.992187
965.603374	1.247436	-144.628906	-191.992187
965.605374	1.494564	-144.628906	-191.992187
965.607375	1.534829	-144.628906	-191.992187
965.609373	1.531116	16.842279	0.540726
966.637383	0.287289	-188.867187	202.148437
966.639383	0.606164	-188.867187	202.148437
966.641383	0.913412	-188.867187	202.148437
966.643383	1.204427	-188.867187	202.148437
966.645384	1.467872	-188.867187	202.148437
966.647383	1.535365	-188.867187	202.148437
966.649387	1.531434	16.845779	0.527116
967.675922	0.613366	-144.531250	-191.406250
967.677922	0.920367	-144.531250	-191.406250
967.679922	1.210958	-144.531250	-191.406250
967.681922	1.472423	-144.531250	-191.406250
967.683924	1.535928	-144.531250	-191.406250
967.685922	1.531964	16.851601	0.724894
968.718454	0.847108	-206.640625	201.367187
968.720456	1.142585	-206.640625	201.367187
968.722455	1.418546	-206.640625	201.367187
968.724455	1.423332	-206.640625	201.367187
968.726457	1.533574	16.869318	0.498468
969.752511	0.570458	-149.316406	-190.332031
969.754514	0.879306	-149.316406	-190.332031
969.756514	1.172716	-149.316406	-190.332031
969.758512	1.444283	-149.316406	-190.332031
969.760513	1.537481	-149.316406	-190.332031
969.762513	1.533346	16.866810	0.555344
970.793080	0.367156	-112.109375	201.562500
970.795080	0.681827	-112.109375	201.562500
970.797079	0.985913	-112.109375	201.562500
970.799080	1.271941	-112.109375	201.562500
970.801080	1.507338	-112.109375	201.562500
970.803080	1.535001	-112.109375	201.562500
970.805080	1.531619	16.847809	0.511615
971.829110	0.518804	-133.300781	-188.867187
971.831112	0.828803	-133.300781	-188.867187
971.833112	1.125630	-133.300781	-188.867187
971.835113	1.402992	-133.300781	-188.867187
971.837112	1.537104	-133.300781	-188.867187
971.841112	1.530975	16.840727	0.553505
972.871165	0.419533	-170.898437	200.195312
972.873166	0.732156	-170.898437	200.195312
972.875165	1.034079	-170.898437	200.195312
972.877168	1.316692	-170.898437	200.195312
972.879165	1.523682	-170.898437	200.195312
972.881167	1.533496	-170.898437	200.195312
972.885164	1.528479	16.813271	0.506191
973.905166	0.273469	-137.597656	-188.476562
973.907166	0.593091	-137.597656	-188.476562
973.909166	0.900921	-137.597656	-188.476562
973.911164	1.192793	-137.597656	-188.476562
973.913167	1.459648	-137.597656	-188.476562
973.915166	1.536753	-137.597656	-188.476562
973.917167	1.532666	16.859329	0.542276
974.949214	0.495142	-181.738281	199.218750
974.951214	0.805673	-181.738281	199.218750
974.953214	1.104104	-181.738281	199.218750
974.955214	1.382382	-181.738281	199.218750
974.957213	1.536426	-181.738281	199.218750
974.959216	1.534145	16.875601	0.523965
975.985789	0.719299	-149.609375	-187.402344
975.987791	1.021663	-149.609375	-187.402344
975.989789	1.305218	-149.609375	-187.402344
975.991792	1.519919	-149.609375	-187.402344
975.993789	1.533477	-149.609375	-187.402344
975.995789	1.530321	16.833530	0.544819
977.026747	0.468493	-199.023437	197.558594
977.028747	0.779613	-199.023437	197.558594
977.030749	1.079415	-199.023437	197.558594
977.032756	1.358980	-199.023437	197.558594
977.036755	1.534705	-199.023437	197.558594
977.038756	1.531745	-199.023437	197.558594
977.040756	1.530014	16.830154	0.510865
978.061652	0.493710	-140.820312	-185.937500
978.065653	1.102767	-140.820312	-185.937500
978.067655	1.381081	-140.820312	-185.937500
978.069654	1.536339	-140.820312	-185.937500
978.071654	1.534121	16.875326	0.505200
979.101682	0.270281	-160.644531	196.875000
979.103689	0.590037	-160.644531	196.875000
979.105692	0.899513	-160.644531	196.875000
979.107691	1.191499	-160.644531	196.875000
979.109693	1.458857	-160.644531	196.875000
979.111692	1.537248	-160.644531	196.875000
979.113693	1.533161	16.864771	0.503394
980.139706	0.490185	-135.449219	-183.691406
980.141709	0.800754	-135.449219	-183.691406
980.143709	1.099548	-135.449219	-183.691406
980.145710	1.377953	-135.449219	-183.691406
980.147708	1.535784	-135.449219	-183.691406
980.149708	1.533718	16.870903	0.508142
981.179733	0.434076	-158.496094	195.898437
981.181736	0.746309	-158.496094	195.898437
981.183737	1.047558	-158.496094	195.898437
981.185737	1.329308	-158.496094	195.898437
981.187735	1.527778	-158.496094	195.898437
981.189736	1.534267	-158.496094	195.898437
981.191735	1.531214	16.843349	0.489033
982.217776	0.567697	-137.500000	-182.324219
982.219778	0.876575	-137.500000	-182.324219
982.221778	1.170171	-137.500000	-182.324219
982.223779	1.442133	-137.500000	-182.324219
982.225777	1.537161	-137.500000	-182.324219
982.227777	1.533029	16.863317	0.539821
983.255812	0.282997	-149.707031	195.214844
983.257813	0.601942	-149.707031	195.214844
983.259813	0.909412	-149.707031	195.214844
983.261813	1.200648	-149.707031	195.214844
983.263814	1.464983	-149.707031	195.214844
983.265814	1.534978	-149.707031	195.214844
983.267813	1.530966	16.840630	0.491683
984.293795	0.332535	-144.531250	-181.250000
984.295796	0.648741	-144.531250	-181.250000
984.297795	0.954205	-144.531250	-181.250000
984.299795	1.242379	-144.531250	-181.250000
984.301797	1.491519	-144.531250	-181.250000
984.303797	1.534197	-144.531250	-181.250000
984.305796	1.530585	16.836437	0.519791
985.335807	0.818530	-183.691406	194.531250
985.337811	1.116014	-183.691406	194.531250
985.339809	1.393785	-183.691406	194.531250
985.343807	1.532424	-183.691406	194.531250
985.345809	1.529836	16.828197	0.465288
986.372458	0.427054	-150.878906	-180.175781
986.374465	0.739443	-150.878906	-180.175781
986.376464	1.041507	-150.878906	-180.175781
986.378463	1.323725	-150.878906	-180.175781
986.380463	1.525780	-150.878906	-180.175781
986.382462	1.527025	-150.878906	-180.175781
986.384464	1.530379	16.834169	0.536543
987.411456	0.610875	-177.343750	194.433594
987.413458	0.917976	-177.343750	194.433594
987.415458	1.208566	-177.343750	194.433594
987.417458	1.470508	-177.343750	194.433594
987.419458	1.535064	-177.343750	194.433594
987.421459	1.531056	16.841614	0.482540
988.452041	0.561989	-149.609375	-179.687500
988.454041	0.871107	-149.609375	-179.687500
988.456041	1.164944	-149.609375	-179.687500
988.458040	1.437721	-149.609375	-179.687500
988.460040	1.536830	-149.609375	-179.687500
988.462043	1.532670	16.859365	0.508170
989.486610	0.402801	-139.453125	194.531250
989.488611	0.716031	-139.453125	194.531250
989.490612	1.018509	-139.453125	194.531250
989.492611	1.029935	-139.453125	194.531250
989.494610	1.519066	-139.453125	194.531250
989.496612	1.533706	-139.453125	194.531250
989.498610	1.530531	16.835844	0.459758
990.532616	0.926731	-145.703125	-179.199219
990.534618	1.216744	-145.703125	-179.199219
990.536618	1.476146	-145.703125	-179.199219
990.538618	1.535278	-145.703125	-179.199219
990.540618	1.531345	16.844795	0.500344
991.565168	0.688387	-151.660156	194.628906
991.567171	0.992078	-151.660156	194.628906
991.569168	1.277665	-151.660156	194.628906
991.571170	1.509292	-151.660156	194.628906
991.575168	1.530407	-151.660156	194.628906
991.577171	1.528486	16.813343	0.460187
992.609216	0.710468	-146.582031	-178.515625
992.611216	1.013311	-146.582031	-178.515625
992.613218	1.297868	-146.582031	-178.515625
992.615218	1.517617	-146.582031	-178.515625
992.617218	1.533880	-146.582031	-178.515625
992.619220	1.530671	16.837387	0.484493
993.639815	0.359829	-126.562500	195.117187
993.643813	0.979002	-126.562500	195.117187
993.645815	1.265525	-126.562500	195.117187
993.647815	1.503719	-126.562500	195.117187
993.649816	1.533829	-126.562500	195.117187
993.651815	1.530487	16.835356	0.458794
994.687863	0.807714	-142.480469	-178.417969
994.689865	1.105907	-142.480469	-178.417969
994.691864	1.384062	-142.480469	-178.417969
994.693865	1.534867	-142.480469	-178.417969
994.697862	1.529512	16.824635	0.470953
995.717908	0.543619	-86.328125	194.726562
995.719911	0.853018	-86.328125	194.726562
995.721911	1.148186	-86.328125	194.726562
995.723909	1.423409	-86.328125	194.726562
995.725909	1.536720	-86.328125	194.726562
995.727908	1.532768	16.860445	0.432774
996.761904	0.314717	-146.191406	-178.906250
996.763905	0.631936	-146.191406	-178.906250
996.765906	0.938135	-146.191406	-178.906250
996.767905	1.227433	-146.191406	-178.906250
996.769906	1.482958	-146.191406	-178.906250
996.771906	1.535281	-146.191406	-178.906250
996.773907	1.531460	16.846062	0.486396
997.794492	0.480912	-88.183594	194.726562
997.796493	0.791677	-88.183594	194.726562
997.800493	1.369480	-88.183594	194.726562
997.804493	1.532672	-88.183594	194.726562
997.806496	1.529919	16.829109	0.440364
998.840544	0.476206	-146.289062	-178.906250
998.842546	0.787053	-146.289062	-178.906250
998.844547	1.086517	-146.289062	-178.906250
998.848546	1.533730	-146.289062	-178.906250
998.850550	1.532910	-146.289062	-178.906250
998.852549	1.530171	16.831882	0.469083
999.871140	0.436736	-118.554687	195.019531
999.873142	0.748766	-118.554687	195.019531
999.875143	1.049885	-118.554687	195.019531
999.877142	1.331344	-118.554687	195.019531
999.879148	1.527486	-118.554687	195.019531
999.881145	1.533077	-118.554687	195.019531
999.883146	1.530063	16.830694	0.445334
1000.919206	0.646184	-131.640625	-177.441406
1000.921206	0.951705	-131.640625	-177.441406
1000.923208	1.240038	-131.640625	-177.441406
1000.925207	1.490376	-131.640625	-177.441406
1000.927207	1.534648	-131.640625	-177.441406
1000.929207	1.530888	16.839769	0.791994
1001.949214	0.565719	-95.312500	194.628906
1001.951217	0.874809	-95.312500	194.628906
1001.953215	1.168287	-95.312500	194.628906
1001.955216	1.440438	-95.312500	194.628906
1001.957217	1.536773	-95.312500	194.628906
1001.959216	1.532735	16.860083	0.472002
1002.995239	0.427439	-147.363281	-178.710937
1002.997244	0.739729	-147.363281	-178.710937
1002.999243	1.041237	-147.363281	-178.710937
1003.001244	1.323332	-147.363281	-178.710937
1003.003242	1.525587	-147.363281	-178.710937
1003.005243	1.533426	-147.363281	-178.710937
1003.007242	1.530324	16.833567	0.464253
1004.026200	2.338859	-99.316406	194.726562
1004.028203	0.795877	-99.316406	194.726562
1004.030203	1.094906	-99.316406	194.726562
1004.032202	1.373327	-99.316406	194.726562
1004.034203	1.534489	-99.316406	194.726562
1004.036203	1.532713	16.859844	0.432199
1005.074288	0.787008	-130.468750	-177.343750
1005.076288	1.086537	-130.468750	-177.343750
1005.078291	1.365516	-130.468750	-177.343750
1005.080292	1.533532	-130.468750	-177.343750
1005.082290	1.532731	-130.468750	-177.343750
1005.084290	1.529873	16.828604	0.460668
1006.104325	0.591046	-62.109375	194.433594
1006.106327	0.898975	-62.109375	194.433594
1006.108326	1.190830	-62.109375	194.433594
1006.110328	1.457987	-62.109375	194.433594
1006.114326	1.531706	-62.109375	194.433594
1006.116326	1.529495	16.824448	0.451228
1007.150354	0.694024	-147.265625	-178.906250
1007.152357	0.997508	-147.265625	-178.906250
1007.154354	1.282762	-147.265625	-178.906250
1007.156357	1.511139	-147.265625	-178.906250
1007.158356	1.533214	-147.265625	-178.906250
1007.160357	1.529965	16.829615	0.461579
1008.181269	0.370800	-154.003906	194.433594
1008.183268	0.685312	-154.003906	194.433594
1008.185269	0.989127	-154.003906	194.433594
1008.187268	1.274876	-154.003906	194.433594
1008.189269	1.508260	-154.003906	194.433594
1008.191269	1.534095	-154.003906	194.433594
1008.193268	1.530702	16.837723	0.467258
1009.225883	0.455606	-132.519531	-178.125000
1009.229884	1.067523	-132.519531	-178.125000
1009.231884	1.347728	-132.519531	-178.125000
1009.233886	1.531077	-132.519531	-178.125000
1009.235885	1.533034	-132.519531	-178.125000
1009.237885	1.530159	16.831751	0.454728
1010.259901	0.560948	-101.269531	194.140625
1010.261903	0.869952	-101.269531	194.140625
1010.263903	1.163965	-101.269531	194.140625
1010.265902	1.436932	-101.269531	194.140625
1010.269901	1.532937	-101.269531	194.140625
1010.271904	1.530525	16.835773	0.438892
1011.301967	0.351012	-138.183594	-179.589844
1011.303967	0.666225	-138.183594	-179.589844
1011.305969	0.970969	-138.183594	-179.589844
1011.307967	1.257951	-138.183594	-179.589844
1011.309968	1.500116	-138.183594	-179.589844
1011.311968	1.534480	-138.183594	-179.589844
1011.313968	1.531028	16.841312	0.463850
1012.337936	0.569978	-93.261719	193.750000
1012.339940	0.878768	-93.261719	193.750000
1012.341939	1.172042	-93.261719	193.750000
1012.343939	1.443495	-93.261719	193.750000
1012.345939	1.536804	-93.261719	193.750000
1012.347939	1.532728	16.860012	0.441590
1013.379962	0.528279	-136.523437	-179.882812
1013.381963	0.837921	-136.523437	-179.882812
1013.383964	0.847879	-136.523437	-179.882812
1013.385963	1.410456	-136.523437	-179.882812
1013.387964	1.536189	-136.523437	-179.882812
1013.389965	1.532424	16.856663	0.442947
1014.415974	0.553486	-117.773437	193.750000
1014.417976	0.862689	-117.773437	193.750000
1014.419976	1.157022	-117.773437	193.750000
1014.421976	1.431058	-117.773437	193.750000
1014.423976	1.536757	-117.773437	193.750000
1014.425977	1.532730	16.860029	0.409996
1015.458041	0.767914	-138.183594	-180.273437
1015.460045	1.068160	-138.183594	-180.273437
1015.462043	1.348442	-138.183594	-180.273437
1015.464043	1.530796	-138.183594	-180.273437
1015.466043	1.532520	-138.183594	-180.273437
1015.470043	1.527809	16.805899	0.447580
1016.492124	1.758800	-99.218750	194.238281
1016.494125	0.627512	-99.218750	194.238281
1016.498124	1.223314	-99.218750	194.238281
1016.500126	1.480274	-99.218750	194.238281
1016.502125	1.534775	-99.218750	194.238281
1016.506123	1.528806	16.816862	0.432235
1017.532125	0.350790	-136.914062	-181.054687
1017.534126	0.666175	-136.914062	-181.054687
1017.540124	1.499915	-136.914062	-181.054687
1017.542130	1.504121	-136.914062	-181.054687
1017.544132	1.530621	16.836828	0.451955
1018.570110	0.345738	-111.230469	194.335937
1018.572110	0.661453	-111.230469	194.335937
1018.574112	0.966251	-111.230469	194.335937
1018.576111	1.253533	-111.230469	194.335937
1018.578115	1.497932	-111.230469	194.335937
1018.580115	1.534524	-111.230469	194.335937
1018.582114	1.530922	16.840143	0.429157
1019.610169	0.577125	-133.007812	-181.152344
1019.612177	0.885596	-133.007812	-181.152344
1019.614174	1.178927	-133.007812	-181.152344
1019.616172	1.448927	-133.007812	-181.152344
1019.618174	1.536066	-133.007812	-181.152344
1019.620174	1.531913	16.851044	0.455148
1020.648155	0.403456	-149.316406	194.824219
1020.650159	0.716552	-149.316406	194.824219
1020.654157	1.302612	-149.316406	194.824219
1020.656159	1.518880	-149.316406	194.824219
1020.658158	1.533089	-149.316406	194.824219
1020.660157	1.529907	16.828976	0.423420
1021.686738	0.561271	-137.988281	-183.203125
1021.688740	0.870273	-137.988281	-183.203125
1021.690739	1.164083	-137.988281	-183.203125
1021.692741	1.436965	-137.988281	-183.203125
1021.694741	1.536605	-137.988281	-183.203125
1021.696739	1.532444	16.856882	0.462834
1022.726793	0.501627	-141.699219	195.117187
1022.728794	0.811893	-141.699219	195.117187
1022.732795	1.387837	-141.699219	195.117187
1022.734796	1.534889	-141.699219	195.117187
1022.736795	1.532026	16.852283	0.410262
