time (s)	coil I (A)	last det (V)	int current (uC)
3554.649108	0.432596	-234.277344	-128.222656
3554.651110	0.519485	-234.277344	-128.222656
3554.653110	0.517700	5.694704	0.407098
3555.659208	0.423880	-440.820312	164.648437
3555.661210	0.519613	-440.820312	164.648437
3555.663211	0.517936	5.697301	0.446348
3556.731313	0.519282	-232.226562	-129.687500
3556.733315	0.518043	-232.226562	-129.687500
3556.735315	0.516871	5.685576	0.416118
3557.733305	0.347416	-436.718750	166.210937
3557.735305	0.518887	-436.718750	166.210937
3557.737305	0.519340	5.712739	0.450571
3558.809344	0.516389	-234.277344	-128.613281
3558.811345	0.518980	5.708777	0.739216
3559.813947	0.484616	-436.914062	167.480469
3559.815949	0.519000	-436.914062	167.480469
3559.817950	0.517501	5.692515	0.463017
3560.884437	0.425164	-235.839844	-129.101562
3560.886439	0.520006	-235.839844	-129.101562
3560.888439	0.518173	5.699907	0.401389
3561.895375	0.517960	-434.667969	169.921875
3561.897378	0.516967	5.686640	0.452318
3562.961840	0.420843	-230.175781	-134.863281
3562.963842	0.520267	-230.175781	-134.863281
3562.965843	0.518455	5.703008	0.426797
3563.967907	0.300076	-422.949219	176.367187
3563.969909	0.512181	-422.949219	176.367187
3563.971906	0.518127	-422.949219	176.367187
3563.973907	0.516902	5.685922	0.461380
3565.039879	0.515934	-225.292969	-140.820312
3565.041882	0.518404	5.702441	0.419685
3566.045949	1.786117	-418.652344	178.710937
3566.047954	0.514557	-418.652344	178.710937
3566.049952	0.518172	-418.652344	178.710937
3566.051952	0.516796	5.684761	0.458057
3567.115919	1.642735	-225.390625	-141.601562
3567.117922	0.519618	-225.390625	-141.601562
3567.119921	0.517928	5.697212	0.429484
3568.125996	0.323676	-419.433594	178.613281
3568.129996	0.518390	-419.433594	178.613281
3568.131998	0.517241	5.689653	0.470899
3569.194029	0.482047	-215.039062	-149.902344
3569.196031	0.518721	-215.039062	-149.902344
3569.198031	0.517239	5.689626	0.427782
3570.204037	0.414013	-414.453125	180.761719
3570.206039	0.520618	-414.453125	180.761719
3570.208039	0.518816	5.706979	0.465368
3571.270084	0.306272	-217.968750	-147.949219
3571.272086	0.513382	-217.968750	-147.949219
3571.274086	0.518333	-217.968750	-147.949219
3571.276087	0.517186	5.689051	0.439179
3572.282093	0.454784	-416.894531	179.687500
3572.284096	0.518914	-416.894531	179.687500
3572.286096	0.517261	5.689875	0.477012
3573.348074	0.426685	-219.335937	-147.460937
3573.350079	0.521367	-219.335937	-147.460937
3573.352077	0.519321	5.712527	0.430401
3574.360124	0.498706	-417.089844	179.980469
3574.362127	0.518666	-417.089844	179.980469
3574.364125	0.517201	5.689210	0.520690
3575.424167	0.257195	-216.894531	-149.414062
3575.426171	0.502457	-216.894531	-149.414062
3575.428169	0.519024	-216.894531	-149.414062
3575.430169	0.517582	5.693401	0.444947
3576.438136	0.467313	-421.972656	177.636719
3576.440140	0.518665	-421.972656	177.636719
3576.444137	0.516135	5.677485	0.470791
3577.504703	0.386776	-219.726562	-146.582031
3577.506707	0.519449	-219.726562	-146.582031
3577.508705	0.518012	5.698134	0.440708
3578.516726	0.518945	-410.351562	181.835937
3578.518729	0.517426	5.691691	0.467269
3579.582708	0.478379	-217.285156	-146.875000
3579.584710	0.518915	-217.285156	-146.875000
3579.586709	0.517305	5.690352	0.443486
3580.592680	0.498243	-416.992187	179.492187
3580.594681	0.518807	-416.992187	179.492187
3580.596683	0.517469	5.692161	0.520338
3581.658694	0.242688	-212.988281	-148.925781
3581.660696	0.498077	-212.988281	-148.925781
3581.662698	0.519140	-212.988281	-148.925781
3581.664696	0.517827	5.696095	0.444226
3582.668741	0.474486	-413.085937	180.175781
3582.670743	0.519033	-413.085937	180.175781
3582.672746	0.517433	5.691762	0.477968
3583.738790	0.418153	-219.628906	-142.382812
3583.740793	0.519337	-219.628906	-142.382812
3583.742793	0.517684	5.694527	0.454913
3584.744877	0.345563	-403.222656	181.835937
3584.746879	0.518065	-403.222656	181.835937
3584.748878	0.518611	5.704719	0.482683
3585.818899	0.518702	-220.703125	-141.113281
3585.820902	0.517957	5.697523	0.447285
3586.825428	0.515080	-416.015625	175.781250
3586.827429	0.518547	-416.015625	175.781250
3586.829430	0.517334	5.690672	0.482040
3587.893507	0.317694	-216.894531	-141.406250
3587.895510	0.515869	-216.894531	-141.406250
3587.897511	0.519103	5.710134	0.454597
3588.903499	0.511199	-413.378906	174.804687
3588.907500	0.517013	-413.378906	174.804687
3588.909502	0.516178	5.677954	0.490715
3589.969614	0.493111	-212.109375	-144.140625
3589.971617	0.519255	-212.109375	-144.140625
3589.973617	0.517856	5.696415	0.450398
3590.979694	0.487575	-408.398437	174.511719
3590.981695	0.518926	-408.398437	174.511719
3590.983695	0.517503	5.692533	0.483273
3592.047665	2.102861	-222.070312	-136.621094
3592.049669	0.509207	-222.070312	-136.621094
3592.051668	0.518928	-222.070312	-136.621094
3592.053667	0.517752	5.695271	0.463507
3593.055659	0.303387	-406.152344	174.414062
3593.057659	0.513055	-406.152344	174.414062
3593.059659	0.518525	-406.152344	174.414062
3593.061659	0.517332	5.690654	0.498862
3594.125629	0.483359	-220.410156	-138.574219
3594.127630	0.518661	-220.410156	-138.574219
3594.129630	0.517155	5.688704	0.458386
3595.137622	0.519384	-420.898437	169.921875
3595.139625	0.518131	-420.898437	169.921875
3595.141626	0.517116	5.688279	0.493680
3596.201642	0.519545	-211.914062	-143.554687
3596.205643	0.516802	5.684823	0.458320
3597.216176	0.448964	-422.167969	170.410156
3597.218177	0.519409	-422.167969	170.410156
3597.220176	0.517636	5.693995	0.482669
3598.276178	0.463312	-224.218750	-137.109375
3598.278181	0.519217	-224.218750	-137.109375
3598.280182	0.517529	5.692817	0.465586
3599.299145	0.517743	-412.109375	172.265625
3599.301145	0.516596	5.682554	0.484844
3600.351200	0.494576	-219.433594	-141.894531
3600.353201	0.519072	-219.433594	-141.894531
3600.355202	0.517572	5.693286	0.476501
3601.375252	0.397089	-406.542969	173.339844
3601.377255	0.519735	-406.542969	173.339844
3601.379254	0.518151	5.699658	0.487307
3602.425723	0.411896	-216.796875	-143.554687
3602.427724	0.519619	-216.796875	-143.554687
3602.429726	0.518052	5.698577	0.471041
3603.453791	0.518834	-409.863281	173.535156
3603.457790	0.516685	5.683537	0.487809
3604.505844	0.495740	-215.332031	-143.750000
3604.507844	0.519450	-215.332031	-143.750000
3604.509844	0.517986	5.697842	0.477271
3605.528435	0.332796	-410.449219	173.730469
3605.530437	0.516763	-410.449219	173.730469
3605.532436	0.518358	5.701936	0.485230
3606.582413	0.379479	-217.675781	-143.457031
3606.584415	0.519137	-217.675781	-143.457031
3606.586415	0.518151	5.699658	0.470962
3607.609431	0.500860	-407.617187	174.609375
3607.611433	0.518619	-407.617187	174.609375
3607.613433	0.517274	5.690016	0.552872
3608.661468	0.403318	-208.886719	-149.902344
3608.663469	0.518072	-208.886719	-149.902344
3608.665470	0.516926	5.686188	0.472139
3609.685513	0.456505	-416.308594	172.070312
3609.687515	0.518894	-416.308594	172.070312
3609.689514	0.517228	5.689511	0.485374
3610.738535	0.518672	-218.164062	-145.214844
3610.740538	0.517504	5.692542	0.473697
3611.761479	2.075031	-405.078125	175.097656
3611.763482	0.510855	-405.078125	175.097656
3611.767480	0.518660	-405.078125	175.097656
3611.769481	0.517833	5.696167	0.495242
3612.813510	0.348801	-201.171875	-155.761719
3612.815513	0.517766	-201.171875	-155.761719
3612.817512	0.518218	5.700403	0.489081
3613.839989	0.487440	-379.199219	179.980469
3613.841991	0.518915	-379.199219	179.980469
3613.843993	0.517399	5.691390	0.486487
3614.892418	0.468798	-212.011719	-150.195312
3614.894419	0.518778	-212.011719	-150.195312
3614.896420	0.517241	5.689653	0.484580
3615.918986	0.503747	-401.269531	175.683594
3615.920989	0.518711	-401.269531	175.683594
3615.922990	0.517332	5.690654	0.582377
3616.971639	0.519180	-211.523437	-150.488281
3616.973641	0.517598	5.693579	0.477485
3617.996264	0.515192	-392.773437	177.148437
3617.998267	0.518279	-392.773437	177.148437
3618.000266	0.516925	5.686170	0.485090
3619.046251	0.289519	-207.910156	-151.367187
3619.048253	0.510535	-207.910156	-151.367187
3619.050253	0.518649	-207.910156	-151.367187
3619.052253	0.517294	5.690228	0.478054
3620.072352	0.417879	-384.960937	178.320312
3620.074354	0.519270	-384.960937	178.320312
3620.076356	0.517628	5.693907	0.485731
3621.124362	0.431113	-207.421875	-150.488281
3621.126364	0.519312	-207.421875	-150.488281
3621.128364	0.517567	5.693233	0.478236
3622.152333	0.519049	-392.578125	176.855469
3622.154336	0.517689	-392.578125	176.855469
3622.156335	0.516821	5.685035	0.600350
3623.204276	0.519547	-209.179687	-148.339844
3623.206277	0.517816	5.695971	0.478285
3624.226824	0.479698	-402.539062	174.902344
3624.228827	0.518762	-402.539062	174.902344
3624.230826	0.517328	5.690609	0.481972
3625.280880	0.375573	-203.027344	-150.781250
3625.282882	0.518702	-203.027344	-150.781250
3625.284884	0.517791	5.695697	0.474663
3626.302932	0.475857	-375.390625	178.515625
3626.304932	0.518603	-375.390625	178.515625
3626.306933	0.517159	5.688749	0.487426
3627.361341	0.519208	-212.304687	-144.921875
3627.363340	0.517620	5.693818	0.475479
3628.377892	0.364848	-393.847656	175.097656
3628.379894	0.518331	-393.847656	175.097656
3628.381895	0.517812	5.695928	0.485396
3629.439950	0.519484	-198.144531	-152.148437
3629.441951	0.517803	5.695838	0.474361
3630.457978	0.518085	-403.710937	173.437500
3630.459980	0.516889	5.685780	0.486163
3631.518563	0.501770	-204.003906	-148.925781
3631.520567	0.518286	-204.003906	-148.925781
3631.522567	0.516901	5.685913	0.551484
3632.530532	0.440815	-403.613281	173.242187
3632.532531	0.450564	-403.613281	173.242187
3632.534529	0.517546	5.693003	0.494791
3633.597131	0.514711	-210.156250	-145.312500
3633.599131	0.518159	-210.156250	-145.312500
3633.601133	0.516934	5.686276	0.465696
3634.607684	0.518770	-401.562500	174.023437
3634.609683	0.517762	5.695387	0.483900
3635.676277	0.519132	-210.449219	-144.726562
3635.678279	0.517541	5.692950	0.470484
3636.680829	0.252579	-383.789062	177.734375
3636.682833	0.263927	-383.789062	177.734375
3636.684836	0.518303	-383.789062	177.734375
3636.686835	0.516922	5.686143	0.497460
3637.754889	0.509058	-200.292969	-150.683594
3637.756891	0.518464	-200.292969	-150.683594
3637.758891	0.517252	5.689777	0.629789
3638.758945	0.433113	-356.152344	182.519531
3638.760947	0.519138	-356.152344	182.519531
3638.762948	0.517462	5.692081	0.481971
3639.830956	0.385369	-201.757812	-150.195312
3639.832959	0.519076	-201.757812	-150.195312
3639.836956	0.516874	5.685612	0.467446
3640.834995	0.343807	-354.687500	184.472656
3640.837000	0.517779	-354.687500	184.472656
3640.839004	0.518372	5.702087	0.496081
3641.909450	1.976130	-199.511719	-151.757812
3641.911453	0.518692	-199.511719	-151.757812
3641.913451	0.517287	5.690158	0.463755
3642.913408	0.443655	-360.156250	186.035156
3642.915409	0.519101	-360.156250	186.035156
3642.919408	0.516293	5.679222	0.480851
3643.985461	0.325867	-195.800781	-154.394531
3643.987462	0.516322	-195.800781	-154.394531
3643.989463	0.518624	5.704860	0.466521
3644.991502	0.509078	-343.457031	189.648437
3644.993503	0.518481	-343.457031	189.648437
3644.995503	0.517078	5.687854	0.483644
3646.063624	0.457150	-196.191406	-154.980469
3646.065625	0.519180	-196.191406	-154.980469
3646.067626	0.517551	5.693056	0.464539
3647.067605	1.655108	-344.042969	190.820312
3647.069606	0.518125	-344.042969	190.820312
3647.071608	0.518243	5.700678	0.492973
3648.140025	0.357060	-198.925781	-155.078125
3648.142025	0.518024	-198.925781	-155.078125
3648.144025	0.517835	5.696185	0.475770
3649.144579	0.314404	-368.261719	188.476562
3649.146581	0.514149	-368.261719	188.476562
3649.148583	0.517790	-368.261719	188.476562
3649.150582	0.516444	5.680888	0.483887
3650.218652	0.504102	-191.406250	-160.253906
3650.220654	0.518123	-191.406250	-160.253906
3650.222653	0.516731	5.684043	0.562394
3651.222700	0.302048	-346.289062	191.601562
3651.224703	0.512399	-346.289062	191.601562
3651.226703	0.518106	-346.289062	191.601562
3651.228702	0.516766	5.684424	0.480513
3652.294748	0.465729	-192.578125	-159.863281
3652.296749	0.519075	-192.578125	-159.863281
3652.298749	0.517517	5.692683	0.463627
3653.302762	0.519360	-347.460937	191.699219
3653.304766	0.517783	5.695608	0.475389
3654.372706	0.517389	-196.191406	-158.984375
3654.374708	0.518164	5.699800	0.469774
3655.379203	0.508575	-367.285156	188.671875
3655.381205	0.517934	-367.285156	188.671875
3655.383206	0.516556	5.682119	0.480246
3656.451766	0.517992	-197.265625	-158.691406
3656.453769	0.516655	-197.265625	-158.691406
3656.455770	0.515697	5.672664	0.467171
3657.454298	0.308092	-359.960937	188.867187
3657.456298	0.514330	-359.960937	188.867187
3657.458300	0.519038	-359.960937	188.867187
3657.460300	0.517750	5.695253	0.476314
3658.526324	0.376332	-189.062500	-162.695312
3658.528326	0.518850	-189.062500	-162.695312
3658.530327	0.517845	5.696300	0.464834
3659.532346	0.436398	-332.031250	191.308594
3659.534347	0.519488	-332.031250	191.308594
3659.536347	0.517710	5.694810	0.483354
3660.606836	0.519115	-188.281250	-161.718750
3660.608838	0.517488	5.692373	0.455591
3661.608868	0.384526	-334.960937	189.843750
3661.610868	0.520032	-334.960937	189.843750
3661.612870	0.518667	5.705339	0.471059
3662.680869	0.322722	-192.089844	-158.007812
3662.682871	0.516173	-192.089844	-158.007812
3662.684872	0.518772	5.706491	0.460877
3663.688929	0.519906	-341.015625	188.281250
3663.690932	0.518247	5.700722	0.465984
3664.758906	0.469061	-195.898437	-154.687500
3664.760909	0.518625	-195.898437	-154.687500
3664.762909	0.517061	5.687676	0.466400
3665.767512	0.517775	-363.476562	183.886719
3665.771511	0.515697	5.672664	0.466260
3666.836047	0.465379	-192.968750	-155.078125
3666.840047	0.516975	-192.968750	-155.078125
3666.842049	0.515896	5.674861	0.455762
3667.842090	0.482606	-321.875000	186.328125
3667.846089	0.516895	-321.875000	186.328125
3667.848091	0.515910	5.675012	0.472927
3668.912157	0.321000	-187.792969	-156.250000
3668.914155	0.515407	-187.792969	-156.250000
3668.918152	0.517082	5.687907	0.457574
3669.918209	0.317201	-338.183594	183.691406
3669.920207	0.514766	-338.183594	183.691406
3669.922206	0.515434	-338.183594	183.691406
3669.924208	0.516908	5.685984	0.466819
3670.990295	0.494000	-187.988281	-155.468750
3670.992296	0.519408	-187.988281	-155.468750
3670.994294	0.517882	5.696707	0.447568
3671.998295	0.465696	-340.722656	182.519531
3672.002294	0.517148	-340.722656	182.519531
3672.004296	0.516216	5.678371	0.452550
3673.068335	0.519368	-182.910156	-157.324219
3673.070338	0.517864	5.696503	0.445199
3674.076370	0.423061	-354.101562	180.468750
3674.078372	0.519723	-354.101562	180.468750
3674.080371	0.518073	5.698799	0.451118
3675.142449	0.482826	-183.007812	-157.421875
3675.146451	0.517974	-183.007812	-157.421875
3675.148451	0.516952	5.686471	0.445854
3676.154484	0.411180	-345.019531	180.761719
3676.156485	0.519574	-345.019531	180.761719
3676.158484	0.517847	5.696317	0.449628
3677.218492	0.505612	-185.742187	-157.031250
3677.220495	0.518515	-185.742187	-157.031250
3677.222493	0.517220	5.689422	0.571962
3678.234515	0.517475	-379.199219	175.976562
3678.236516	0.517780	5.695581	0.452905
3679.293130	0.388602	-183.593750	-158.398437
3679.295130	0.519852	-183.593750	-158.398437
3679.297131	0.518546	5.704010	0.450696
3680.313615	0.519433	-375.195312	177.148437
3680.315615	0.517799	5.695795	0.444279
3681.372192	0.519429	-183.789062	-158.789062
3681.374193	0.517953	-183.789062	-158.789062
3681.376193	0.517181	5.688988	0.516096
3682.392152	0.519126	-381.054687	176.269531
3682.394155	0.517549	5.693038	0.439006
3683.446247	0.477466	-180.371094	-161.132812
3683.448248	0.518602	-180.371094	-161.132812
3683.450247	0.517020	5.687216	0.457774
3684.472710	0.518485	-315.136719	182.519531
3684.474713	0.517550	5.693048	0.431709
3685.522783	0.486066	-185.839844	-159.375000
3685.524788	0.518249	-185.839844	-159.375000
3685.526791	0.516759	5.684353	0.445103
3686.544771	0.253849	-325.488281	182.226562
3686.546774	0.500943	-325.488281	182.226562
3686.548773	0.518272	-325.488281	182.226562
3686.550774	0.516905	5.685957	0.455536
3687.598857	0.458234	-189.355469	-158.886719
3687.600858	0.519440	-189.355469	-158.886719
3687.602859	0.517708	5.694784	0.449409
3688.623467	0.441771	-347.949219	180.957031
3688.625470	0.519056	-347.949219	180.957031
3688.627469	0.517360	5.690964	0.432541
3689.675453	0.421794	-186.621094	-160.742187
3689.677454	0.520092	-186.621094	-160.742187
3689.679455	0.518353	5.701883	0.450000
3690.701506	0.505781	-308.203125	184.082031
3690.703506	0.518339	-308.203125	184.082031
3690.705506	0.517003	5.687030	0.441191
3691.751960	0.363639	-184.179687	-162.207031
3691.753964	0.518690	-184.179687	-162.207031
3691.755965	0.518283	5.701112	0.450437
3692.778003	0.481319	-321.093750	183.496094
3692.780004	0.518845	-321.093750	183.496094
3692.782006	0.517443	5.691877	0.429829
3693.830016	0.469171	-181.250000	-163.281250
3693.832019	0.518666	-181.250000	-163.281250
3693.834018	0.517209	5.689298	0.443184
3694.854084	0.307478	-310.546875	183.984375
3694.856084	0.514030	-310.546875	183.984375
3694.858084	0.518811	-310.546875	183.984375
3694.860084	0.517551	5.693056	0.448393
3695.908184	0.511224	-179.882812	-163.378906
3695.910186	0.518367	-179.882812	-163.378906
3695.912187	0.516986	5.686843	0.448681
3696.932236	0.378379	-311.132812	183.886719
3696.934238	0.518608	-311.132812	183.886719
3696.936238	0.517664	5.694305	0.436808
3697.984644	0.468916	-187.792969	-160.351562
3697.986644	0.518830	-187.792969	-160.351562
3697.988647	0.517277	5.690042	0.448512
3699.009207	0.419894	-342.089844	181.445312
3699.011208	0.519480	-342.089844	181.445312
3699.013209	0.517673	5.694403	0.422958
3700.061259	0.369553	-182.031250	-161.718750
3700.063261	0.518725	-182.031250	-161.718750
3700.065259	0.518049	5.698542	0.442080
3701.085264	0.287081	-306.250000	183.496094
3701.087266	0.509764	-306.250000	183.496094
3701.089266	0.518363	-306.250000	183.496094
3701.091266	0.517087	5.687960	0.442100
3702.139348	0.451816	-181.445312	-160.839844
3702.141350	0.518623	-181.445312	-160.839844
3702.143350	0.517022	5.687242	0.439675
3703.167354	0.517306	-304.882812	183.007812
3703.169358	0.516476	5.681234	0.430859
3704.217378	0.497303	-185.156250	-159.277344
3704.219382	0.518314	-185.156250	-159.277344
3704.221382	0.516764	5.684406	0.473388
3705.241439	0.519910	-295.996094	182.910156
3705.243440	0.518258	5.700837	0.417426
3706.295459	1.696576	-177.832031	-161.328125
3706.297460	0.518793	-177.832031	-161.328125
3706.299461	0.517371	5.691080	0.431408
3707.315471	0.457966	-370.996094	176.660156
3707.317473	0.519003	-370.996094	176.660156
3707.319473	0.517410	5.691505	0.431744
3708.373465	0.475480	-181.738281	-159.570312
3708.375465	0.518808	-181.738281	-159.570312
3708.377465	0.517217	5.689387	0.427791
3709.393510	0.519317	-292.578125	182.421875
3709.395514	0.517672	5.694394	0.415535
3710.451567	0.467657	-190.332031	-155.957031
3710.453568	0.518958	-190.332031	-155.957031
3710.455569	0.517460	5.692055	0.428182
3711.466534	0.364018	-309.277344	181.738281
3711.468534	0.518293	-309.277344	181.738281
3711.470534	0.517858	5.696442	0.419756
3712.530490	0.483608	-179.394531	-159.960937
3712.532491	0.518782	-179.394531	-159.960937
3712.534492	0.517236	5.689590	0.421752
3713.542527	0.377562	-330.175781	180.468750
3713.544530	0.519079	-330.175781	180.468750
3713.546530	0.518011	5.698116	0.419446
3714.608535	0.470600	-181.835937	-159.570312
3714.610536	0.518724	-181.835937	-159.570312
3714.612536	0.517196	5.689157	0.420265
3715.618579	0.399217	-326.953125	180.859375
3715.620579	0.519666	-326.953125	180.859375
3715.622580	0.518098	5.699073	0.420747
3716.686567	0.495485	-180.664062	-160.253906
3716.688568	0.519183	-180.664062	-160.253906
3716.690567	0.517865	5.696512	0.419129
3717.696570	0.518011	-324.511719	181.933594
3717.698573	0.519559	5.715149	0.420866
3718.764615	0.511095	-177.343750	-161.621094
3718.766617	0.518364	-177.343750	-161.621094
3718.768615	0.517037	5.687411	0.632474
3719.770646	0.278860	-294.042969	184.570312
3719.772649	0.508074	-294.042969	184.570312
3719.776647	0.517201	-294.042969	184.570312
3719.778647	0.516294	5.679231	0.421667
3720.840642	0.262580	-178.710937	-162.402344
3720.842642	0.503482	-178.710937	-162.402344
3720.844641	0.518377	-178.710937	-162.402344
3720.846643	0.516953	5.686481	0.425088
3721.848731	0.471169	-282.031250	186.425781
3721.850735	0.518930	-282.031250	186.425781
3721.852737	0.517252	5.689768	0.411649
3722.919235	0.438305	-179.589844	-163.183594
3722.921238	0.519382	-179.589844	-163.183594
3722.923239	0.517580	5.693384	0.415290
3723.925295	0.366814	-291.992187	186.816406
3723.927297	0.518235	-291.992187	186.816406
3723.931296	0.516605	5.682661	0.411992
3724.995389	0.328099	-176.660156	-165.136719
3724.999389	0.517869	-176.660156	-165.136719
3725.001390	0.516598	5.682580	0.420016
3726.003417	0.476028	-274.609375	188.769531
3726.005420	0.518459	-274.609375	188.769531
3726.007421	0.516964	5.686604	0.417941
3727.073972	0.504901	-173.339844	-167.187500
3727.075976	0.518359	-173.339844	-167.187500
3727.077973	0.517085	5.687933	0.423397
3728.079959	0.438337	-278.906250	189.453125
3728.081960	0.518935	-278.906250	189.453125
3728.083961	0.517226	5.689485	0.407046
3729.152009	0.519244	-177.148437	-166.308594
3729.154010	0.517498	-177.148437	-166.308594
3729.156009	0.516374	5.680117	0.416246
3730.157995	0.504363	-285.546875	190.234375
3730.159998	0.518140	-285.546875	190.234375
3730.161999	0.516882	5.685700	0.519828
3731.226103	0.311413	-171.386719	-167.773437
3731.228102	0.514597	-171.386719	-167.773437
3731.230102	0.518417	-171.386719	-167.773437
3731.232103	0.517136	5.688500	0.419647
3732.234128	0.445141	-290.917969	191.113281
3732.236129	0.519086	-290.917969	191.113281
3732.238129	0.517292	5.690211	0.404447
3733.304205	0.415378	-173.925781	-166.992187
3733.306207	0.519367	-173.925781	-166.992187
3733.312205	0.515760	5.673364	0.411707
3734.310192	0.323303	-295.996094	190.332031
3734.312194	0.332381	-295.996094	190.332031
3734.314195	0.518340	5.701741	0.409704
3735.382259	0.495276	-173.925781	-166.992187
3735.384260	0.518748	-173.925781	-166.992187
3735.386260	0.517281	5.690095	0.407911
3736.388337	0.455249	-264.160156	191.796875
3736.390338	0.519591	-264.160156	191.796875
3736.392339	0.517882	5.696707	0.400609
3737.458443	0.430724	-170.898437	-167.968750
3737.460444	0.519119	-170.898437	-167.968750
3737.462445	0.517331	5.690646	0.407386
3738.464458	0.306750	-275.292969	190.234375
3738.466461	0.513563	-275.292969	190.234375
3738.468461	0.518388	-275.292969	190.234375
3738.470460	0.517293	5.690220	0.405494
3739.534501	0.344508	-172.265625	-167.285156
3739.536505	0.518177	-172.265625	-167.285156
3739.538504	0.518761	5.706376	0.412419
3740.544570	0.518729	-286.425781	188.867187
3740.546572	0.516950	-286.425781	188.867187
3740.550570	0.514852	5.663376	0.397012
3741.612644	0.486418	-171.484375	-166.796875
3741.614645	0.518905	-171.484375	-166.796875
3741.616645	0.517393	5.691328	0.405279
3742.620714	1.676061	-280.175781	187.695312
3742.622715	0.519056	-280.175781	187.695312
3742.624715	0.517662	5.694279	0.587745
3743.690748	0.518268	-169.433594	-166.601562
3743.692751	0.517797	5.695767	0.406985
3744.696804	0.454679	-282.812500	186.328125
3744.698805	0.518933	-282.812500	186.328125
3744.700806	0.518857	5.707422	0.395275
3745.766862	0.506531	-175.585937	-163.671875
3745.768864	0.518328	-175.585937	-163.671875
3745.770868	0.516917	5.686090	0.548959
3746.774873	0.511788	-290.527344	184.960937
3746.776875	0.518450	-290.527344	184.960937
3746.778876	0.517122	5.688341	0.623388
3747.842914	0.440721	-173.632812	-163.378906
3747.844913	0.519292	-173.632812	-163.378906
3747.846913	0.517475	5.692223	0.400727
3748.851015	0.370634	-277.148437	184.277344
3748.853017	0.518690	-277.148437	184.277344
3748.855019	0.518084	5.698923	0.395747
3749.918977	0.398128	-177.050781	-162.109375
3749.920979	0.519300	-177.050781	-162.109375
3749.922979	0.517895	5.696840	0.402052
3750.929033	0.380407	-276.269531	182.910156
3750.933034	0.517622	-276.269531	182.910156
3750.935036	0.516516	5.681677	0.393518
3751.995059	0.347106	-166.503906	-165.722656
3751.997059	0.517227	-166.503906	-165.722656
3751.999059	0.517786	5.695643	0.413506
3753.007081	0.454313	-303.417969	181.054687
3753.009085	0.519029	-303.417969	181.054687
3753.015083	0.515511	5.670617	0.389896
3754.071115	0.405400	-183.886719	-160.253906
3754.073116	0.518669	-183.886719	-160.253906
3754.075116	0.517309	5.690397	0.412925
3755.088069	0.518320	-341.308594	177.734375
3755.090071	0.516960	-341.308594	177.734375
3755.092072	0.516000	5.675996	0.404156
3756.150097	0.519341	-169.042969	-165.332031
3756.152099	0.517871	-169.042969	-165.332031
3756.154100	0.517055	5.687605	0.395944
3757.161607	3.267809	-317.285156	179.101562
3757.169027	0.517570	-317.285156	179.101562
3757.171029	0.516805	5.684850	0.452014
3758.225536	0.519465	-180.859375	-161.523437
3758.227538	0.517775	5.695520	0.398325
3759.242100	0.442289	-276.269531	181.152344
3759.244101	0.519258	-276.269531	181.152344
3759.246101	0.517637	5.694004	0.377190
3760.302148	0.518815	-179.492187	-162.500000
3760.304150	0.517341	5.690752	0.393676
3761.318720	0.368124	-287.988281	180.468750
3761.322720	0.518081	-287.988281	180.468750
3761.324721	0.516840	5.685239	0.385472
3762.374785	0.338547	-176.074219	-163.671875
3762.380785	0.516710	-176.074219	-163.671875
3762.382788	0.515840	5.674241	0.401336
3763.396819	0.451476	-314.257812	179.492187
3763.398820	0.518537	-314.257812	179.492187
3763.400822	0.516869	5.685558	0.391902
3764.451369	0.322024	-167.675781	-167.089844
3764.453368	0.516079	-167.675781	-167.089844
3764.455369	0.518720	5.705915	0.400491
3765.475391	0.500107	-258.593750	182.031250
3765.477395	0.518866	-258.593750	182.031250
3765.479398	0.517431	5.691744	0.428130
3766.526941	3.267697	-174.902344	-165.527344
3766.534349	0.516611	-174.902344	-165.527344
3766.536350	0.515746	5.673204	0.517067
3767.552946	0.473937	-276.660156	181.542969
3767.554948	0.519640	-276.660156	181.542969
3767.556947	0.518062	5.698683	0.369320
3768.604975	0.434860	-172.656250	-166.992187
3768.606977	0.518977	-172.656250	-166.992187
3768.608977	0.517165	5.688811	0.394450
3769.631062	0.518882	-266.796875	181.835937
3769.633063	0.518040	-266.796875	181.835937
3769.637061	0.515911	5.675021	0.378540
3770.681091	0.273571	-171.093750	-167.187500
3770.685092	0.517779	-171.093750	-167.187500
3770.687093	0.516564	-171.093750	-167.187500
3770.689093	0.515620	5.671822	0.395721
3771.707175	0.510268	-334.863281	179.589844
3771.709176	0.518320	-334.863281	179.589844
3771.711174	0.517002	5.687020	0.380706
3772.760157	0.501445	-176.855469	-164.941406
3772.762158	0.518226	-176.855469	-164.941406
3772.764158	0.516822	5.685044	0.400341
3773.782709	0.386156	-262.597656	182.714844
3773.784710	0.519416	-262.597656	182.714844
3773.786710	0.518128	5.699410	0.373646
3774.836759	0.400075	-175.683594	-165.722656
3774.838762	0.519616	-175.683594	-165.722656
3774.840762	0.518065	5.698710	0.394120
3775.859307	0.440702	-284.082031	181.640625
3775.861310	0.519084	-284.082031	181.640625
3775.863308	0.517329	5.690619	0.368045
3776.913334	0.305354	-175.292969	-165.917969
3776.915336	0.512731	-175.292969	-165.917969
3776.917336	0.517767	-175.292969	-165.917969
3776.919335	0.516458	5.681038	0.396334
3777.935907	0.461040	-284.179687	181.347656
3777.937908	0.518697	-284.179687	181.347656
3777.939908	0.517152	5.688669	0.370511
3778.991935	0.483751	-174.023437	-166.113281
3778.993938	0.518597	-174.023437	-166.113281
3778.995944	0.517131	5.688439	0.388896
3780.013999	0.517631	-330.664062	178.417969
3780.015998	0.517594	5.693534	0.371631
3781.068968	0.472436	-163.671875	-168.359375
3781.070969	0.518525	-163.671875	-168.359375
3781.072969	0.516938	5.686320	0.388252
3782.090908	0.520301	-246.191406	181.835937
3782.092910	0.518542	5.703957	0.366559
3783.148968	0.519192	-175.390625	-164.453125
3783.150969	0.517729	5.695014	0.387676
3784.165528	0.445684	-250.390625	181.640625
3784.167530	0.518817	-250.390625	181.640625
3784.169532	0.517102	5.688119	0.378702
3785.226067	0.519685	-174.804687	-164.453125
3785.228069	0.517914	5.697052	0.389339
3786.242688	0.488311	-244.335937	181.542969
3786.244688	0.518852	-244.335937	181.542969
3786.246688	0.517439	5.691824	0.370525
3787.303176	0.508242	-163.183594	-166.894531
3787.305177	0.518065	-163.183594	-166.894531
3787.307177	0.516780	5.684584	0.391406
3788.317725	0.400073	-307.226562	179.296875
3788.319725	0.519611	-307.226562	179.296875
3788.321725	0.518023	5.698258	0.364972
3789.380262	0.490637	-165.820312	-166.503906
3789.384262	0.517103	-165.820312	-166.503906
3789.386264	0.516115	5.677263	0.380624
3790.394241	0.442032	-304.785156	178.906250
3790.396247	0.519404	-304.785156	178.906250
3790.398248	0.517563	5.693189	0.375555
3791.456788	0.277406	-173.535156	-164.941406
3791.458792	0.507307	-173.535156	-164.941406
3791.460792	0.518155	-173.535156	-164.941406
3791.462793	0.516849	5.685337	0.388651
3792.470794	0.457998	-278.613281	180.566406
3792.472796	0.518544	-278.613281	180.566406
3792.474796	0.516893	5.685824	0.354237
3793.534805	0.246129	-165.332031	-167.089844
3793.536808	0.498536	-165.332031	-167.089844
3793.538809	0.518640	-165.332031	-167.089844
3793.540808	0.517193	5.689121	0.396347
3794.546859	0.490782	-246.679687	182.128906
3794.548863	0.518707	-246.679687	182.128906
3794.550861	0.517140	5.688537	0.354295
3795.612894	1.457319	-169.824219	-166.015625
3795.614897	0.518600	-169.824219	-166.015625
3795.616896	0.519010	5.709115	0.382081
3796.622942	0.466803	-283.691406	181.054687
3796.624943	0.519046	-283.691406	181.054687
3796.626943	0.517345	5.690796	0.355411
3797.690912	0.401383	-171.386719	-165.820312
3797.692914	0.519776	-171.386719	-165.820312
3797.694914	0.518117	5.699286	0.379928
3798.698959	0.424850	-266.894531	183.007812
3798.702959	0.518506	-266.894531	183.007812
3798.704961	0.517446	5.691904	0.358272
3799.769002	0.491416	-166.210937	-167.675781
3799.771002	0.518793	-166.210937	-167.675781
3799.773003	0.517372	5.691097	0.376878
3800.775068	0.382112	-235.253906	184.375000
3800.777070	0.519727	-235.253906	184.375000
3800.781069	0.517526	5.692781	0.360602
3801.845102	0.335606	-163.281250	-169.335937
3801.847106	0.516916	-163.281250	-169.335937
3801.849103	0.518262	5.700881	0.393085
3802.855123	0.518430	-260.546875	184.277344
3802.857126	0.517013	-260.546875	184.277344
3802.859129	0.516087	5.676962	0.533946
3803.923079	0.379364	-169.335937	-168.261719
3803.925081	0.518521	-169.335937	-168.261719
3803.929078	0.516399	5.680392	0.376250
3804.929160	0.469440	-232.519531	185.937500
3804.931164	0.518626	-232.519531	185.937500
3804.933165	0.517129	5.688421	0.354981
3806.001242	0.512087	-163.671875	-170.410156
3806.003248	0.518581	-163.671875	-170.410156
3806.005246	0.517368	5.691044	0.610109
3807.005256	0.370421	-241.601562	186.230469
3807.007257	0.518669	-241.601562	186.230469
3807.009257	0.517925	5.697176	0.359499
3808.079293	0.519204	-168.359375	-169.628906
3808.081296	0.517769	5.695457	0.373424
3809.083356	0.477092	-245.312500	186.621094
3809.085358	0.518671	-245.312500	186.621094
3809.089359	0.516240	5.678637	0.350743
3810.153386	0.299610	-164.648437	-171.386719
3810.155389	0.512224	-164.648437	-171.386719
3810.157388	0.518231	-164.648437	-171.386719
3810.159390	0.517066	5.687730	0.379277
3811.159437	0.295862	-226.953125	187.304687
3811.161437	0.512290	-226.953125	187.304687
3811.163438	0.519155	-226.953125	187.304687
3811.165439	0.517932	5.697248	0.368740
3812.231464	0.460165	-166.796875	-170.800781
3812.233464	0.518726	-166.796875	-170.800781
3812.235465	0.516994	5.686932	0.371075
3813.239501	0.518808	-242.382812	187.109375
3813.241504	0.518766	-242.382812	187.109375
3813.243504	0.516347	5.679816	0.362108
3814.307548	0.352209	-160.449219	-172.167969
3814.309549	0.518007	-160.449219	-172.167969
3814.311551	0.518276	5.701041	0.388349
3815.313556	0.380739	-235.839844	186.718750
3815.315557	0.518811	-235.839844	186.718750
3815.317558	0.517711	5.694819	0.353568
3816.385637	0.486483	-168.359375	-170.117187
3816.387639	0.519586	-168.359375	-170.117187
3816.389640	0.518061	5.698675	0.367971
3817.391686	0.510741	-212.304687	186.816406
3817.393689	0.512129	-212.304687	186.816406
3817.395690	0.516793	5.684725	0.357747
3818.462186	0.426362	-163.281250	-171.289062
3818.464186	0.520193	-163.281250	-171.289062
3818.466188	0.518377	5.702148	0.368675
3819.468157	0.468652	-254.003906	185.253906
3819.470163	0.519070	-254.003906	185.253906
3819.472164	0.517494	5.692436	0.347064
3820.540205	0.498335	-167.871094	-169.433594
3820.542207	0.518458	-167.871094	-169.433594
3820.544208	0.517024	5.687260	0.402925
3821.546192	0.515153	-256.933594	184.375000
3821.548192	0.518815	-256.933594	184.375000
3821.550195	0.517501	5.692506	0.354421
3822.620153	0.517451	-169.238281	-167.968750
3822.622156	0.516430	5.680728	0.363052
3823.622665	0.496411	-269.921875	182.714844
3823.624665	0.518647	-269.921875	182.714844
3823.626665	0.517236	5.689600	0.357072
3824.692756	0.458918	-167.480469	-168.164062
3824.694765	0.519169	-167.480469	-168.164062
3824.696764	0.517460	5.692055	0.362546
3825.700821	0.515138	-245.605469	182.812500
3825.704822	0.517108	5.688190	0.347842
3826.768862	0.425800	-162.011719	-169.238281
3826.770864	0.520033	-162.011719	-169.238281
3826.772864	0.518193	5.700129	0.364353
3827.776937	0.418588	-252.148437	181.542969
3827.780935	0.519638	-252.148437	181.542969
3827.782936	0.516806	5.684867	0.341134
3828.846968	0.519489	-160.742187	-169.335937
3828.848968	0.518307	-160.742187	-169.335937
3828.850970	0.517227	5.689502	0.379233
3829.855005	0.498017	-251.562500	180.859375
3829.857014	0.518786	-251.562500	180.859375
3829.859015	0.517415	5.691567	0.380613
3830.921072	0.411967	-165.917969	-167.968750
3830.923074	0.520274	-165.917969	-167.968750
3830.925074	0.518547	5.704018	0.357943
3831.933091	0.504476	-260.937500	180.273437
3831.935093	0.518163	-260.937500	180.273437
3831.937093	0.516784	5.684619	0.467066
3832.997128	0.429460	-161.230469	-169.140625
3832.999130	0.519375	-161.230469	-169.140625
3833.001132	0.517704	5.694739	0.378247
3834.009195	0.335415	-274.414062	179.687500
3834.011198	0.516621	-274.414062	179.687500
3834.013197	0.518170	5.699871	0.344516
3835.073168	0.381402	-163.671875	-168.066406
3835.075171	0.519585	-163.671875	-168.066406
3835.077170	0.518547	5.704018	0.364763
3836.087252	0.352534	-272.167969	179.589844
3836.089254	0.517685	-272.167969	179.589844
3836.091255	0.517715	5.694864	0.339844
3837.151288	0.519303	-173.144531	-165.429687
3837.153291	0.518460	5.703062	0.363678
3838.165874	0.487340	-213.476562	181.152344
3838.167872	0.489682	-213.476562	181.152344
3838.169875	0.517403	5.691434	0.331751
3839.226363	0.478859	-172.656250	-165.722656
3839.228365	0.518706	-172.656250	-165.722656
3839.230363	0.517157	5.688731	0.372094
3840.242927	0.426017	-245.703125	180.664062
3840.244929	0.519097	-245.703125	180.664062
3840.246928	0.517349	5.690840	0.335073
3841.305007	0.520219	-154.980469	-170.214844
3841.307007	0.518692	5.705614	0.355433
3842.321059	0.471681	-283.789062	179.199219
3842.323060	0.519195	-283.789062	179.199219
3842.325060	0.517455	5.692010	0.329836
3843.381640	1.364850	-153.222656	-170.898437
3843.383641	0.518583	5.704409	0.351541
3844.399608	0.515400	-280.468750	179.492187
3844.401610	0.517963	5.697594	0.336684
3845.456203	0.511631	-155.664062	-170.703125
3845.458205	0.519046	-155.664062	-170.703125
3845.460204	0.517760	5.695360	0.577384
3846.478276	0.520433	-198.339844	181.445312
3846.480279	0.518964	5.708601	0.333894
3847.532273	0.455625	-165.820312	-168.945312
3847.534275	0.518700	-165.820312	-168.945312
3847.536275	0.517062	5.687685	0.354907
3848.554350	0.421933	-304.199219	179.003906
3848.556353	0.517787	5.695662	0.345893
3849.609347	0.488801	-157.910156	-170.800781
3849.611347	0.518650	-157.910156	-170.800781
3849.613347	0.517256	5.689812	0.351808
3850.629318	0.388635	-306.250000	178.710937
3850.631322	0.519426	-306.250000	178.710937
3850.633322	0.518165	5.699818	0.331308
3851.685343	0.392216	-170.214844	-168.554687
3851.687345	0.518827	-170.214844	-168.554687
3851.689345	0.517480	5.692285	0.373805
3852.705935	0.340148	-264.453125	179.785156
3852.707938	0.516938	-264.453125	179.785156
3852.709937	0.517845	5.696291	0.330187
3853.763943	0.520800	-173.144531	-168.554687
3853.765945	0.519448	5.713926	0.917812
3854.785919	0.519173	-262.109375	178.808594
3854.789919	0.516403	-262.109375	178.808594
3854.791922	0.515534	5.670874	0.325244
3855.839967	0.494110	-164.550781	-171.289062
3855.841970	0.518628	-164.550781	-171.289062
3855.843970	0.517186	5.689041	0.351111
3856.862046	0.518571	-209.179687	180.175781
3856.864046	0.517497	5.692471	0.329587
3857.918056	0.518863	-168.847656	-169.628906
3857.922054	0.516586	5.682447	0.358287
3858.938640	0.319362	-241.015625	179.882812
3858.940639	0.515534	-241.015625	179.882812
3858.942639	0.518664	5.705303	0.329847
3859.992605	0.400323	-168.457031	-168.652344
3859.994605	0.520156	-168.457031	-168.652344
3859.996604	0.518568	5.704249	0.357581
3861.015223	0.491646	-256.542969	178.906250
3861.017225	0.518659	-256.542969	178.906250
3861.019227	0.517181	5.688988	0.319319
3862.073261	0.518760	-169.531250	-167.578125
3862.075262	0.517373	5.691106	0.348041
3863.091828	0.502480	-242.480469	179.589844
3863.093830	0.518572	-242.480469	179.589844
3863.097828	0.516218	5.678397	0.418634
