num crossings	time (s)	maj axis (mm)	min axis (mm)	theta (rad )	slope (V/s)
2843	3552.393317	40.125321	1.133285	1.578321	3.173499
2845	3554.473365	40.442112	1.133865	1.578024	3.133908
2849	3558.632339	41.152119	1.220616	1.576454	3.369638
2851	3560.709115	41.453716	1.139098	1.575090	3.189078
2853	3562.786514	41.787722	0.909357	1.581032	3.363984
2855	3564.863234	41.759028	5.456021	1.546455	3.513983
2857	3566.940562	42.869828	1.136102	1.601435	3.656190
2859	3569.018144	42.653601	1.113636	1.575167	3.509128
2861	3571.095667	43.003216	1.118041	1.572648	3.915763
2863	3573.172681	43.273965	1.178564	1.574355	3.667617
2865	3575.249874	43.498481	1.094474	1.572927	3.736565
2867	3577.329442	43.815494	1.175688	1.574636	3.590279
2869	3579.406839	43.604825	1.035723	1.585009	3.978248
2871	3581.484426	44.456124	1.074331	1.573109	3.635770
2873	3583.563160	44.678695	1.185820	1.575032	3.965819
2875	3585.641659	45.001129	1.047962	1.574202	3.931613
2877	3587.718816	45.223881	1.188054	1.576070	3.949952
2879	3589.793673	45.502070	1.094511	1.577217	3.921238
2881	3591.872995	45.967440	1.045743	1.575397	4.207522
2883	3593.949574	46.544142	1.146696	1.598825	4.204635
2885	3596.024676	46.697138	1.082158	1.573884	4.151185
2887	3598.100515	46.769176	1.157091	1.572950	4.271663
2889	3600.175433	46.843333	0.981190	1.580603	4.143221
2891	3602.250598	47.249054	1.058988	1.570661	4.515509
2893	3604.329570	47.297531	0.976713	1.577636	4.392896
2895	3606.407389	47.696728	1.063734	1.570175	4.555271
2897	3608.484472	47.977796	1.073899	1.570550	4.457895
2899	3610.561558	48.321387	1.131798	1.572726	4.331641
2901	3612.638705	48.834958	1.149010	1.591157	4.395802
2903	3614.716575	48.731881	1.071055	1.571005	4.698395
2905	3616.794279	49.283653	1.118187	1.572850	4.811252
2907	3618.871741	49.338074	1.240073	1.574439	4.749202
2909	3620.949050	49.497226	1.162936	1.570518	4.722894
2911	3623.027008	49.683213	1.063897	1.572338	4.968695
2913	3625.105623	49.989252	1.158080	1.570276	4.878851
2915	3627.183732	50.207347	1.071864	1.572052	5.083601
2917	3629.262265	50.663973	1.266789	1.573580	4.894583
2919	3631.342070	50.842516	1.204169	1.593433	4.910068
2921	3633.420285	50.942472	1.080975	1.569476	5.078170
2923	3635.498686	54.369107	6.748033	1.538011	4.997943
2925	3637.578346	51.451251	1.210617	1.591715	5.138660
2927	3639.655924	51.656061	1.093501	1.568008	5.110161
2929	3641.733293	51.888563	1.104920	1.567512	5.254389
2931	3643.810864	52.120290	1.107118	1.567291	5.181303
2933	3645.888119	52.382914	1.108037	1.567197	5.261619
2937	3650.042378	52.552206	1.151497	1.573464	5.375260
2939	3652.119096	52.812010	1.200682	1.575204	5.427163
2941	3654.195960	53.420314	5.485973	1.542656	5.467062
2943	3656.273417	53.404829	1.164120	1.568678	5.428126
2945	3658.351482	53.460259	1.221254	1.574430	5.563211
2947	3660.428966	53.852413	1.119520	1.570107	5.513022
2949	3662.506214	53.940526	1.209043	1.567362	5.521981
2951	3664.583257	54.116319	1.305701	1.576441	5.780991
2953	3666.660304	54.235741	1.365271	1.577175	5.730543
2955	3668.737516	54.626098	1.161843	1.569671	5.704318
2957	3670.814119	54.533095	1.388091	1.578727	5.820788
2959	3672.890450	55.184982	1.130748	1.572263	5.733304
2961	3674.966449	55.282697	1.214381	1.569147	5.825112
2963	3677.042278	55.538895	1.164269	1.567260	5.927740
2965	3679.118185	55.598302	1.244364	1.572398	5.876632
2967	3681.193977	55.810342	1.225171	1.571052	5.913099
2969	3683.270303	55.924274	1.214034	1.570002	6.252509
2971	3685.346780	56.036379	1.223725	1.569395	6.147968
2973	3687.423308	56.295470	1.227617	1.569063	6.328924
2975	3689.500170	56.518574	1.196303	1.564798	6.290498
2977	3691.577023	56.719042	1.199873	1.564997	6.260853
2979	3693.654221	56.870990	1.199354	1.565135	6.283146
2981	3695.731662	56.896638	1.346852	1.571384	6.261461
2983	3697.808800	57.151167	1.216396	1.565259	6.535400
2985	3699.886229	57.317951	1.218802	1.565467	6.467942
2987	3701.963742	57.422330	1.385416	1.572394	6.457371
2989	3704.041285	57.576337	1.373484	1.572045	6.488367
2991	3706.119485	57.621636	1.402938	1.573182	6.781071
2993	3708.197683	58.027235	1.236403	1.565388	6.627572
2995	3710.275794	57.988767	1.345134	1.571420	6.673121
2997	3712.354344	58.256501	1.265501	1.565267	6.659793
2999	3714.432601	58.403216	1.246333	1.565038	6.683131
3001	3716.510500	58.555126	1.255553	1.564908	6.613325
3005	3720.666308	59.636015	6.638582	1.537744	6.601727
3007	3722.743692	58.883046	1.308004	1.565833	6.791880
3009	3724.820672	59.123663	1.295008	1.563918	6.652069
3011	3726.897677	59.278125	1.307986	1.563744	6.671277
3013	3728.974652	59.395881	1.315309	1.563435	6.850596
3017	3733.128967	59.600108	1.343306	1.565270	6.899002
3019	3735.206117	59.703655	1.336947	1.563593	6.817269
3021	3737.283085	59.891634	1.334778	1.563412	6.731414
3023	3739.359621	59.807375	1.587223	1.570134	6.852025
3025	3741.436766	60.112185	1.335022	1.563858	6.913642
3027	3743.513844	60.166874	1.318491	1.569612	7.133437
3029	3745.590544	60.299645	1.378385	1.565593	6.849244
3031	3747.667371	60.505217	1.341329	1.564426	6.943303
3033	3749.743959	60.656922	1.341632	1.564415	7.124700
3035	3751.820203	60.806431	1.346868	1.564286	7.087456
3039	3755.972209	61.097838	1.350151	1.563379	7.418431
3041	3758.048184	61.155324	1.383297	1.568233	7.306084
3043	3760.124206	61.216200	1.462542	1.567192	7.331218
3045	3762.200191	61.355726	1.387346	1.561570	7.121707
3047	3764.276673	61.477895	1.357620	1.561450	7.241974
3049	3766.353180	61.656339	1.380826	1.561196	7.214459
3051	3768.429637	61.734073	1.374605	1.561066	7.220662
3055	3772.583816	61.873812	1.425424	1.561348	7.512921
3057	3774.661671	61.990881	1.406255	1.561762	7.670582
3059	3776.738781	61.958582	1.424905	1.567246	7.657460
3061	3778.816052	62.150584	1.471610	1.561727	7.524260
3063	3780.893248	62.187228	1.573208	1.566481	7.277800
3065	3782.970895	63.660652	6.987297	1.524690	7.651498
3067	3785.048893	62.373393	1.503903	1.566803	7.453530
3069	3787.126900	62.448436	1.492309	1.561754	7.446824
3071	3789.204309	62.636221	1.430009	1.562706	7.476697
3073	3791.282401	62.662334	1.478285	1.568047	7.527375
3075	3793.360529	62.879571	1.488525	1.566372	7.529171
3077	3795.438161	62.802062	1.499624	1.562054	7.653256
3079	3797.515687	62.919399	1.476429	1.561911	7.471546
3081	3799.593046	63.054246	1.480608	1.561963	7.554771
3083	3801.670299	63.118328	1.497054	1.561965	7.587543
3087	3805.824887	63.300330	1.517755	1.562028	7.759922
3089	3807.902085	63.534438	1.550940	1.566153	7.783508
3091	3809.978994	63.607829	1.487639	1.566168	7.872909
3093	3812.055829	63.385916	1.852940	1.576613	8.117564
3095	3814.132666	63.634419	1.533790	1.562227	7.838173
3097	3816.209710	63.726357	1.539552	1.562275	7.964808
3099	3818.286804	63.768704	1.548279	1.562391	7.894994
3103	3822.440695	64.077995	1.535681	1.566185	8.044290
3105	3824.517225	63.880532	1.575057	1.562637	7.880478
3107	3826.593571	63.953376	1.838715	1.567591	7.747568
3109	3828.670070	64.249314	1.558477	1.562047	7.866324
3111	3830.745902	64.282102	1.542613	1.561975	7.909230
3113	3832.821699	64.405480	1.545178	1.561928	7.796280
3117	3836.974310	64.443559	1.608392	1.566933	7.872105
3119	3839.050528	64.605893	1.611376	1.560780	8.063531
3121	3841.126913	64.590124	1.630645	1.566261	8.207988
3123	3843.203558	64.597022	1.664198	1.564975	8.255495
3125	3845.279783	65.451245	1.965860	1.578894	7.967782
3127	3847.356643	64.860441	1.734434	1.562846	8.034474
3129	3849.433270	64.876365	1.765846	1.563244	8.180851
3131	3851.510164	65.132319	1.640754	1.559870	8.112489
3133	3853.587045	64.973229	1.652404	1.565840	8.200827
3135	3855.663860	65.083592	1.684102	1.560318	7.785962
3137	3857.741088	69.798419	7.208452	1.527984	8.338664
3139	3859.817598	65.199239	1.684966	1.560793	8.283461
