time (s)	energy (uJ)	charge (mC)	voltage (mV)	crossing#mod 255
5266.624997	2.474125	0.009084	0.272356	109
5268.711036	1.238117	0.009078	0.136390	110
5270.795124	-0.284100	0.009077	-0.031298	111
5272.870701	0.505476	0.009088	0.055619	112
5274.951109	0.442574	0.009103	0.048619	113
5277.029588	0.705421	0.009086	0.077636	114
5279.104752	0.643793	0.009089	0.070831	115
5281.179840	0.760296	0.009081	0.083726	116
5283.261896	-0.059257	0.009080	-0.006526	117
5285.341836	1.062119	0.009092	0.116814	118
5287.422803	0.242325	0.009082	0.026681	119
5289.498948	0.682621	0.009080	0.075180	120
5291.579143	-1.052727	0.009085	-0.115876	121
5293.651472	0.160605	0.009102	0.017645	122
5295.721108	2.063658	0.009091	0.226995	123
5297.793680	1.348516	0.009081	0.148499	124
5299.866789	2.281366	0.009087	0.251071	125
5301.946391	1.864743	0.009084	0.205272	126
5304.021671	2.003324	0.009104	0.220047	127
5306.108243	1.321414	0.009063	0.145797	128
5308.190647	0.992624	0.009084	0.109267	129
5310.273632	0.140160	0.009083	0.015431	130
5312.356025	0.963575	0.009067	0.106270	131
5314.434020	0.224307	0.009078	0.024709	132
5316.508805	0.713470	0.009082	0.078562	133
5318.584106	-0.051406	0.009101	-0.005649	134
5320.660929	1.493092	0.009106	0.163962	135
5322.744399	1.293397	0.009093	0.142245	136
5324.820058	0.734026	0.009099	0.080673	137
5326.896673	0.657598	0.009095	0.072300	138
5328.976866	0.491325	0.009087	0.054066	139
5331.053919	0.890782	0.009087	0.098032	140
5333.126713	0.987268	0.009094	0.108560	141
5335.198783	2.135109	0.009107	0.234439	142
5337.273372	1.656301	0.009094	0.182140	143
5339.347775	1.506570	0.009084	0.165841	144
5341.418264	2.351869	0.009100	0.258452	145
5343.501640	2.355687	0.009086	0.259273	146
5345.577546	2.082752	0.009097	0.228949	147
5347.670786	1.649014	0.009081	0.181594	148
5349.754825	1.425990	0.009073	0.157163	149
5351.832074	1.309494	0.009103	0.143859	150
5353.913233	0.602145	0.009101	0.066162	151
5355.994720	0.272281	0.009089	0.029956	152
5358.073741	-0.224248	0.009079	-0.024701	153
5360.153253	0.581116	0.009078	0.064015	154
5362.235603	0.143839	0.009078	0.015844	155
5364.310602	-0.285820	0.009077	-0.031487	156
5366.385498	0.451151	0.009092	0.049620	157
5368.461807	0.857431	0.009078	0.094453	158
5370.538333	1.195796	0.009116	0.131170	159
5372.615277	1.009924	0.009096	0.111026	160
5374.686581	1.315450	0.009080	0.144872	161
5376.762428	1.824903	0.009083	0.200908	162
5378.834969	1.665065	0.009098	0.183013	163
5380.915315	1.959779	0.009090	0.215603	164
5382.993372	2.421203	0.009097	0.266156	165
5385.074822	0.560846	0.009060	0.061901	166
5387.153219	1.767362	0.009102	0.194168	167
5389.239006	1.057429	0.009091	0.116318	168
5391.321170	0.835967	0.009097	0.091898	169
5393.398102	0.718384	0.009079	0.079124	170
5395.481305	0.797046	0.009085	0.087728	171
5397.557705	0.744753	0.009100	0.081841	172
5399.635891	0.256749	0.009101	0.028211	173
5401.717281	0.002487	0.009083	0.000274	174
5403.793889	0.568747	0.009072	0.062692	175
5405.870456	0.231357	0.009084	0.025468	176
5407.952351	0.593428	0.009086	0.065311	177
5410.019544	1.338918	0.009088	0.147323	178
5412.095673	2.066713	0.009088	0.227416	179
5414.169326	1.371279	0.009064	0.151295	180
5416.249610	1.772842	0.009074	0.195372	181
5418.322078	2.142746	0.009103	0.235388	182
5420.396406	2.105877	0.009105	0.231299	183
5422.475815	1.975754	0.009084	0.217493	184
5424.550553	2.382477	0.009123	0.261137	185
5426.632714	1.848368	0.009088	0.203396	186
5428.716231	1.536310	0.009065	0.169478	187
5430.793885	1.777952	0.009080	0.195819	188
5432.875023	1.035022	0.009096	0.113792	189
5434.955608	1.571161	0.009078	0.173080	190
5437.034209	1.260729	0.009093	0.138642	191
5439.113065	1.390214	0.009107	0.152652	192
5441.190854	1.347996	0.009079	0.148472	193
5443.270810	1.254223	0.009072	0.138249	194
5445.349828	1.121172	0.009092	0.123313	195
5447.423529	1.560333	0.009078	0.171889	196
5449.501426	1.591061	0.009099	0.174866	197
5451.577454	1.090278	0.009098	0.119839	198
5453.652120	1.620570	0.009087	0.178347	199
5455.726287	2.081132	0.009085	0.229062	200
5457.802462	2.367842	0.009089	0.260516	201
5459.882161	1.899309	0.009093	0.208868	202
5461.956551	2.622852	0.009088	0.288610	203
5464.040369	1.415987	0.009093	0.155731	204
5466.118845	2.069262	0.009066	0.228252	205
5468.202637	1.342632	0.009085	0.147790	206
5470.283617	1.369602	0.009107	0.150382	207
5472.363585	1.419000	0.009084	0.156206	208
5474.444468	1.470820	0.009091	0.161790	209
5476.520891	1.139451	0.009082	0.125461	210
5478.603109	1.102137	0.009081	0.121367	211
5480.681025	148.610825	0.009102	16.326851	212
5482.756211	1.600059	0.009090	0.176015	213
5484.834845	1.261683	0.009102	0.138623	214
5486.915570	1.606921	0.009086	0.176848	215
5488.991830	1.240219	0.009062	0.136863	216
5491.066918	1.975749	0.009103	0.217050	217
5493.141708	1.758452	0.009077	0.193733	218
5495.217623	2.123980	0.009071	0.234148	219
5497.291832	2.132925	0.009099	0.234407	220
5499.368451	2.110256	0.009104	0.231796	221
5501.446470	2.242730	0.009086	0.246837	222
5503.522294	2.431746	0.009082	0.267758	223
5505.603486	2.302451	0.009099	0.253044	224
5507.684160	2.136578	0.009090	0.235040	225
5509.764924	2.293076	0.009078	0.252597	226
5511.842439	1.989394	0.009088	0.218906	227
5513.920729	2.155690	0.009080	0.237423	228
5516.002837	1.764660	0.009092	0.194098	229
5518.079863	1.628245	0.009086	0.179198	230
5520.160796	1.597679	0.009082	0.175917	231
5522.237196	1.679212	0.009086	0.184819	232
5524.313403	1.710301	0.009085	0.188254	233
5526.391260	2.302301	0.009096	0.253109	234
5528.467537	2.143496	0.009098	0.235607	235
5530.546455	1.983622	0.009105	0.217854	236
5532.622382	2.014216	0.009102	0.221288	237
5534.698329	2.455622	0.009086	0.270270	238
5536.776048	2.263319	0.009057	0.249891	239
5538.851092	2.896677	0.009084	0.318878	240
5540.910845	4.059939	0.009071	0.447579	241
5543.010761	2.622480	0.009084	0.288694	242
5545.090808	2.508338	0.009085	0.276101	243
5547.172797	2.240510	0.009076	0.246853	244
5549.250091	2.460312	0.009085	0.270818	245
5551.331243	1.939005	0.009093	0.213244	246
5553.410786	2.179822	0.009092	0.239751	247
5555.493061	1.223694	0.009105	0.134403	248
5557.567273	1.653439	0.009084	0.182019	249
5559.650982	1.396016	0.009078	0.153782	250
5561.729531	1.067851	0.009081	0.117586	251
5563.804320	3.528471	0.009097	0.387889	252
5565.881338	139.567627	0.009060	15.405034	253
5567.960334	1.569721	0.009074	0.172982	254
5570.038079	1.031426	0.009069	0.113736	255
5572.114612	3.669153	0.009090	0.403639	0
5574.189399	2.013595	0.009090	0.221527	1
5576.265150	2.122984	0.009083	0.233722	2
5578.341534	1.835530	0.009088	0.201984	3
5580.417916	3.271699	0.009101	0.359479	4
5582.503874	2.270926	0.009096	0.249652	5
5584.576514	2.458657	0.009085	0.270642	6
5586.656747	2.481153	0.009089	0.272970	7
